instance_id,trip_key,train_number,departure_date,station_from,station_to,match_type,first_seen_kyiv,last_seen_kyiv,n_seen,last_delay_min,max_delay_min,min_delay_min,last_status,last_reliability,last_reason,n_stops,passed_count,last_stop_passed,finished,finished_at_kyiv,final_delay_min,final_delay_fact_min,max_dev_fact_min,instance_reason,after_monitoring_gap
121/122|Миколаїв Пас.|Київ-Пас.|@20260927-2017,121/122|Миколаїв Пас.|Київ-Пас.|,121/122,,Миколаїв Пас.,Київ-Пас.,both,2026-09-27 20:17:37,2026-09-27 23:11:06,2,194,194,182,В дорозі,Висока,,19,18,0,1,2026-09-28 02:01:52,194,,215,first_seen,0
9/10|Будапешт-Келеті|Київ-Пас.|@20260927-2017,9/10|Будапешт-Келеті|Київ-Пас.|,9/10,,Будапешт-Келеті,Київ-Пас.,endpoint,2026-09-27 20:17:37,2026-09-27 23:11:06,2,256,256,161,В дорозі,Висока,,0,0,0,1,2026-09-28 02:01:52,256,,,first_seen,0
177/178|Івано-Франківськ|Київ-Пас.|@20260927-2017,177/178|Івано-Франківськ|Київ-Пас.|,177/178,,Івано-Франківськ,Київ-Пас.,both,2026-09-27 20:17:37,2026-09-27 23:11:06,2,256,256,161,В дорозі,Висока,,5,4,0,1,2026-09-28 02:01:52,256,,176,first_seen,0
723/724|Харків-Пас.|Київ-Пас.|@20260927-2017,723/724|Харків-Пас.|Київ-Пас.|,723/724,,Харків-Пас.,Київ-Пас.,both,2026-09-27 20:17:37,2026-09-27 20:17:37,1,150,150,150,В дорозі,Низька,,9,4,0,1,2026-09-27 23:11:06,150,,166,first_seen,0
41/42|Трускавець|Дніпро-Головний|@20260927-2017,41/42|Трускавець|Дніпро-Головний|,41/42,,Трускавець,Дніпро-Головний,both,2026-09-27 20:17:37,2026-09-28 10:15:39,5,330,330,120,В дорозі,Висока,,32,22,0,1,2026-09-28 18:29:00,330,,344,first_seen,1
723/724|Київ-Пас.|Харків-Пас.|@20260927-2017,723/724|Київ-Пас.|Харків-Пас.|,723/724,,Київ-Пас.,Харків-Пас.,both,2026-09-27 20:17:37,2026-09-27 23:11:06,2,147,147,120,В дорозі,Висока,,7,6,0,1,2026-09-28 02:01:52,147,,155,first_seen,0
119/120|Хелм|Дніпро-Головний|@20260927-2017,119/120|Хелм|Дніпро-Головний|,119/120,,Хелм,Дніпро-Головний,both,2026-09-27 20:17:37,2026-09-28 10:15:39,5,230,234,119,В дорозі,Висока,,15,13,0,1,2026-09-29 00:19:00,230,,259,first_seen,1
55/55|Київ-Пас.|Рахів|27.09@20260927-2017,55/55|Київ-Пас.|Рахів|27.09,55/55,27.09,Київ-Пас.,Рахів,both,2026-09-27 20:17:37,2026-09-28 02:01:52,3,317,317,114,В дорозі,Висока,,21,11,0,1,2026-09-28 04:28:34,317,,307,first_seen,0
141/142|Чернігів|Ясіня|@20260927-2017,141/142|Чернігів|Ясіня|,141/142,,Чернігів,Ясіня,transit,2026-09-27 20:17:37,2026-09-28 10:15:39,5,360,360,109,В дорозі,Висока,,27,21,0,1,2026-09-28 18:29:00,360,,383,first_seen,1
137/138|Київ-Пас.|Ясіня|27.09@20260927-2017,137/138|Київ-Пас.|Ясіня|27.09,137/138,27.09,Київ-Пас.,Ясіня,both,2026-09-27 20:17:37,2026-09-28 10:15:39,5,360,360,109,В дорозі,Висока,,22,16,0,1,2026-09-28 18:29:00,360,,383,first_seen,1
285/286|Львів|Дніпро-Головний|@20260927-2017,285/286|Львів|Дніпро-Головний|,285/286,,Львів,Дніпро-Головний,both,2026-09-27 20:17:37,2026-09-28 10:15:39,5,330,330,102,В дорозі,Висока,,30,20,0,1,2026-09-28 18:29:00,330,,344,first_seen,1
1/2|Харків-Пас.|Рахів|@20260927-2017,1/2|Харків-Пас.|Рахів|,1/2,,Харків-Пас.,Рахів,both,2026-09-27 20:17:37,2026-09-28 10:15:39,5,520,520,90,В дорозі,Висока,,13,12,0,1,2026-09-29 00:19:00,520,,266,first_seen,1
17/18|Харків-Пас.|Ужгород|@20260927-2017,17/18|Харків-Пас.|Ужгород|,17/18,,Харків-Пас.,Ужгород,both,2026-09-27 20:17:37,2026-09-28 18:29:00,6,510,510,90,В дорозі,Висока,,15,15,1,1,2026-09-29 00:19:00,510,522,525,first_seen,1
793/794|Київ-Пас.|Черкаси|27.09@20260927-2017,793/794|Київ-Пас.|Черкаси|27.09,793/794,27.09,Київ-Пас.,Черкаси,both,2026-09-27 20:17:37,2026-09-27 23:11:06,2,114,114,86,В дорозі,Висока,,9,9,1,1,2026-09-28 02:01:52,114,115,122,first_seen,0
353/354|Київ-Пас.|Кишинеу|@20260927-2017,353/354|Київ-Пас.|Кишинеу|,353/354,,Київ-Пас.,Кишинеу,both,2026-09-27 20:17:37,2026-09-27 23:11:06,2,54,79,54,В дорозі,Висока,,9,7,0,1,2026-09-28 02:01:52,54,,79,first_seen,0
773/774|Конотоп-Пас.|Жмеринка-Пас.|27.09@20260927-2017,773/774|Конотоп-Пас.|Жмеринка-Пас.|27.09,773/774,27.09,Конотоп-Пас.,Жмеринка-Пас.,transit,2026-09-27 20:17:37,2026-09-27 23:11:06,2,36,75,36,В дорозі,Висока,,17,15,0,1,2026-09-28 02:01:52,36,,93,first_seen,0
237/238|Київ-Пас.|Ужгород|@20260927-2017,237/238|Київ-Пас.|Ужгород|,237/238,,Київ-Пас.,Ужгород,both,2026-09-27 20:17:37,2026-09-28 04:28:34,4,81,81,71,В дорозі,Висока,,20,13,0,1,2026-09-28 10:15:39,81,,94,first_seen,0
13/14|Київ-Пас.|Солотвино-1|@20260927-2017,13/14|Київ-Пас.|Солотвино-1|,13/14,,Київ-Пас.,Солотвино-1,both,2026-09-27 20:17:37,2026-09-28 10:15:39,5,100,100,71,В дорозі,Висока,,30,27,0,1,2026-09-28 18:29:00,100,,116,first_seen,1
3/4|Дніпро-Головний|Ужгород|@20260927-2017,3/4|Дніпро-Головний|Ужгород|,3/4,,Дніпро-Головний,Ужгород,both,2026-09-27 20:17:37,2026-09-28 10:15:39,5,370,370,70,В дорозі,Висока,,17,15,0,1,2026-09-28 18:29:00,370,,342,first_seen,1
31/32|Запоріжжя-1|Перемишль|@20260927-2017,31/32|Запоріжжя-1|Перемишль|,31/32,,Запоріжжя-1,Перемишль,transit,2026-09-27 20:17:37,2026-09-28 10:15:39,5,370,370,70,В дорозі,Висока,,14,12,0,1,2026-09-28 18:29:00,370,,342,first_seen,1
789/790|Київ-Пас.|Кропивницький|@20260927-2017,789/790|Київ-Пас.|Кропивницький|,789/790,,Київ-Пас.,Кропивницький,both,2026-09-27 20:17:37,2026-09-27 23:11:06,2,134,134,64,В дорозі,Висока,,9,5,0,1,2026-09-28 02:01:52,134,,109,first_seen,0
791/792|Київ-Пас.|Кременчук-Пас.|@20260927-2017,791/792|Київ-Пас.|Кременчук-Пас.|,791/792,,Київ-Пас.,Кременчук-Пас.,both,2026-09-27 20:17:37,2026-09-27 23:11:06,2,134,134,63,В дорозі,Висока,,7,6,0,1,2026-09-28 02:01:52,134,,109,first_seen,0
763/764|Київ-Пас.|Одеса-Головна|@20260927-2017,763/764|Київ-Пас.|Одеса-Головна|,763/764,,Київ-Пас.,Одеса-Головна,both,2026-09-27 20:17:37,2026-09-27 23:11:06,2,70,70,62,В дорозі,Висока,,9,8,0,1,2026-09-28 02:01:52,70,,62,first_seen,0
85/86|Дніпро-Головний|Львів|@20260927-2017,85/86|Дніпро-Головний|Львів|,85/86,,Дніпро-Головний,Львів,both,2026-09-27 20:17:37,2026-09-28 10:15:39,5,340,340,58,В дорозі,Висока,,11,10,0,1,2026-09-28 18:29:00,340,,309,first_seen,1
5/6|Запоріжжя-1|Ясіня|@20260927-2017,5/6|Запоріжжя-1|Ясіня|,5/6,,Запоріжжя-1,Ясіня,transit,2026-09-27 20:17:37,2026-09-28 10:15:39,5,340,340,58,В дорозі,Висока,,18,14,0,1,2026-09-28 18:29:00,340,,309,first_seen,1
63/64|Перемишль|Харків-Пас.|@20260927-2017,63/64|Перемишль|Харків-Пас.|,63/64,,Перемишль,Харків-Пас.,both,2026-09-27 20:17:37,2026-09-28 04:28:34,4,60,113,56,В дорозі,Висока,,11,9,0,1,2026-09-28 10:15:39,60,,114,first_seen,0
9/10|Київ-Пас.|Будапешт-Келеті|@20260927-2017,9/10|Київ-Пас.|Будапешт-Келеті|,9/10,,Київ-Пас.,Будапешт-Келеті,endpoint,2026-09-27 20:17:37,2026-09-28 04:28:34,4,80,80,55,В дорозі,Висока,,0,0,0,1,2026-09-28 18:29:00,80,76,76,first_seen,0
127/128|Дніпро-Головний|Львів|@20260927-2017,127/128|Дніпро-Головний|Львів|,127/128,,Дніпро-Головний,Львів,both,2026-09-27 20:17:37,2026-09-28 10:15:39,4,60,68,53,В дорозі,Висока,,28,23,0,1,2026-09-28 18:29:00,60,,90,first_seen,1
733/734|Київ-Пас.|Дніпро-Головний|@20260927-2017,733/734|Київ-Пас.|Дніпро-Головний|,733/734,,Київ-Пас.,Дніпро-Головний,both,2026-09-27 20:17:37,2026-09-27 23:11:06,2,53,53,48,В дорозі,Висока,,8,8,1,1,2026-09-28 02:01:52,53,53,53,first_seen,0
61/62|Дніпро-Головний|Івано-Франківськ|@20260927-2017,61/62|Дніпро-Головний|Івано-Франківськ|,61/62,,Дніпро-Головний,Івано-Франківськ,both,2026-09-27 20:17:37,2026-09-28 04:28:34,4,88,88,32,В дорозі,Висока,,13,10,0,1,2026-09-28 10:15:39,88,,59,first_seen,0
261/262|Дніпро-Головний|Чернівці|@20260927-2017,261/262|Дніпро-Головний|Чернівці|,261/262,,Дніпро-Головний,Чернівці,both,2026-09-27 20:17:37,2026-09-28 10:15:39,5,110,110,32,В дорозі,Висока,,17,14,0,1,2026-09-28 18:29:00,110,,125,first_seen,1
291/292|Львів|Київ-Пас.|@20260927-2311,291/292|Львів|Київ-Пас.|,291/292,,Львів,Київ-Пас.,both,2026-09-27 23:11:06,2026-09-27 23:11:06,1,151,151,151,В дорозі,Висока,,5,4,0,1,2026-09-28 02:01:52,151,,140,first_seen,0
103/104|Берестин|Львів|@20260927-2311,103/104|Берестин|Львів|,103/104,,Берестин,Львів,both,2026-09-27 23:11:06,2026-09-28 10:15:39,4,420,420,150,В дорозі,Висока,,21,16,0,1,2026-09-28 18:29:00,420,,482,first_seen,1
109/110|Львів|Миколаїв Пас.|@20260927-2311,109/110|Львів|Миколаїв Пас.|,109/110,,Львів,Миколаїв Пас.,both,2026-09-27 23:11:06,2026-09-28 10:15:39,4,140,201,102,В дорозі,Висока,,27,23,0,1,2026-09-28 18:29:00,140,,205,first_seen,1
79/80|Львів|Дніпро-Головний|@20260927-2311,79/80|Львів|Дніпро-Головний|,79/80,,Львів,Дніпро-Головний,both,2026-09-27 23:11:06,2026-09-28 10:15:39,4,230,234,101,В дорозі,Висока,,15,13,0,1,2026-09-29 00:19:00,230,,259,first_seen,1
25/26|Одеса-Головна|Ясіня|@20260927-2311,25/26|Одеса-Головна|Ясіня|,25/26,,Одеса-Головна,Ясіня,both,2026-09-27 23:11:06,2026-09-28 04:28:34,3,97,97,64,В дорозі,Висока,,26,15,0,1,2026-09-28 10:15:39,97,,109,first_seen,0
135/136|Одеса-Головна|Чернівці|@20260927-2311,135/136|Одеса-Головна|Чернівці|,135/136,,Одеса-Головна,Чернівці,both,2026-09-27 23:11:06,2026-09-28 04:28:34,3,97,97,64,В дорозі,Висока,,23,15,0,1,2026-09-28 10:15:39,97,,109,first_seen,0
43/44|Черкаси|Івано-Франківськ|@20260927-2311,43/44|Черкаси|Івано-Франківськ|,43/44,,Черкаси,Івано-Франківськ,transit,2026-09-27 23:11:06,2026-09-28 10:15:39,4,400,400,62,В дорозі,Висока,,17,16,0,1,2026-09-29 00:19:00,400,,377,first_seen,1
91/92|Київ-Пас.|Львів|@20260927-2311,91/92|Київ-Пас.|Львів|,91/92,,Київ-Пас.,Львів,both,2026-09-27 23:11:06,2026-09-28 10:15:39,4,400,400,60,В дорозі,Висока,,5,3,0,1,2026-09-28 18:29:00,400,,406,first_seen,1
37/38|Київ-Пас.|Запоріжжя-1|@20260927-2311,37/38|Київ-Пас.|Запоріжжя-1|,37/38,,Київ-Пас.,Запоріжжя-1,both,2026-09-27 23:11:06,2026-09-28 04:28:34,3,108,115,60,В дорозі,Висока,,8,3,0,1,2026-09-28 10:15:39,108,,116,first_seen,0
41/42|Дніпро-Головний|Трускавець|@20260927-2311,41/42|Дніпро-Головний|Трускавець|,41/42,,Дніпро-Головний,Трускавець,both,2026-09-27 23:11:06,2026-09-28 10:15:39,4,250,250,53,В дорозі,Висока,,30,28,0,1,2026-09-28 18:29:00,250,,265,first_seen,1
285/286|Дніпро-Головний|Львів|@20260927-2311,285/286|Дніпро-Головний|Львів|,285/286,,Дніпро-Головний,Львів,both,2026-09-27 23:11:06,2026-09-28 10:15:39,4,250,250,53,В дорозі,Висока,,28,21,0,1,2026-09-28 18:29:00,250,,265,first_seen,1
93/94|Харків-Пас.|Хелм|@20260927-2311,93/94|Харків-Пас.|Хелм|,93/94,,Харків-Пас.,Хелм,both,2026-09-27 23:11:06,2026-09-28 10:15:39,4,173,173,47,В дорозі,Висока,,14,13,0,1,2026-09-29 00:19:00,173,,173,first_seen,1
95/96|Київ-Пас.|Рахів|@20260927-2311,95/96|Київ-Пас.|Рахів|,95/96,,Київ-Пас.,Рахів,both,2026-09-27 23:11:06,2026-09-28 02:01:52,2,32,46,32,В дорозі,Висока,,9,1,0,1,2026-09-28 04:28:34,32,,41,first_seen,0
49/50|Київ-Пас.|Трускавець|@20260927-2311,49/50|Київ-Пас.|Трускавець|,49/50,,Київ-Пас.,Трускавець,both,2026-09-27 23:11:06,2026-09-28 02:01:52,2,32,46,32,В дорозі,Висока,,4,1,0,1,2026-09-28 04:28:34,32,,41,first_seen,0
7/8|Одеса-Головна|Харків-Пас.|@20260927-2311,7/8|Одеса-Головна|Харків-Пас.|,7/8,,Одеса-Головна,Харків-Пас.,both,2026-09-27 23:11:06,2026-09-28 10:15:39,4,110,110,44,В дорозі,Висока,,8,7,0,1,2026-09-28 18:29:00,110,,125,first_seen,1
59/60|Київ-Пас.|Чоп|@20260927-2311,59/60|Київ-Пас.|Чоп|,59/60,,Київ-Пас.,Чоп,both,2026-09-27 23:11:06,2026-09-28 10:15:39,4,100,137,40,В дорозі,Висока,,23,17,0,1,2026-09-29 00:19:00,100,,152,first_seen,1
57/58|Київ-Пас.|Ясіня|@20260927-2311,57/58|Київ-Пас.|Ясіня|,57/58,,Київ-Пас.,Ясіня,both,2026-09-27 23:11:06,2026-09-28 10:15:39,4,80,137,40,В дорозі,Висока,,21,15,0,1,2026-09-29 00:19:00,80,,152,first_seen,1
749/750|Київ-Пас.|Ужгород|@20260927-2311,749/750|Київ-Пас.|Ужгород|,749/750,,Київ-Пас.,Ужгород,both,2026-09-27 23:11:06,2026-09-27 23:11:06,1,39,39,39,В дорозі,Висока,,7,4,0,1,2026-09-28 02:01:52,39,,30,first_seen,0
207/208|Київ-Пас.|Івано-Франківськ|@20260927-2311,207/208|Київ-Пас.|Івано-Франківськ|,207/208,,Київ-Пас.,Івано-Франківськ,both,2026-09-27 23:11:06,2026-09-28 04:28:34,3,36,38,28,В дорозі,Висока,,3,2,0,1,2026-09-28 10:15:39,36,,41,first_seen,0
7/8|Київ-Пас.|Чернівці|@20260927-2311,7/8|Київ-Пас.|Чернівці|,7/8,,Київ-Пас.,Чернівці,both,2026-09-27 23:11:06,2026-09-28 04:28:34,3,36,38,28,В дорозі,Висока,,5,2,0,1,2026-09-28 10:15:39,36,,41,first_seen,0
731/732|Дніпро-Головний|Київ-Пас.|@20260927-2311,731/732|Дніпро-Головний|Київ-Пас.|,731/732,,Дніпро-Головний,Київ-Пас.,both,2026-09-27 23:11:06,2026-09-27 23:11:06,1,32,32,32,В дорозі,Висока,,8,7,0,1,2026-09-28 02:01:52,32,,32,first_seen,0
81/82|Київ-Пас.|Ужгород|@20260927-2311,81/82|Київ-Пас.|Ужгород|,81/82,,Київ-Пас.,Ужгород,both,2026-09-27 23:11:06,2026-09-28 10:15:39,4,80,105,30,В дорозі,Висока,,15,10,0,1,2026-09-28 18:29:00,80,,110,first_seen,1
53/54|Одеса-Головна|Дніпро-Головний|@20260927-2311,53/54|Одеса-Головна|Дніпро-Головний|,53/54,,Одеса-Головна,Дніпро-Головний,both,2026-09-27 23:11:06,2026-09-28 04:28:34,3,41,46,28,В дорозі,Висока,,11,6,0,1,2026-09-28 10:15:39,41,,46,first_seen,0
253/254|Одеса-Головна|Кривий Ріг-Головний|@20260927-2311,253/254|Одеса-Головна|Кривий Ріг-Головний|,253/254,,Одеса-Головна,Кривий Ріг-Головний,both,2026-09-27 23:11:06,2026-09-28 04:28:34,3,41,46,28,В дорозі,Висока,,10,6,0,1,2026-09-28 10:15:39,41,,46,first_seen,0
705/706|Київ-Пас.|Перемишль|@20260928-0201,705/706|Київ-Пас.|Перемишль|,705/706,,Київ-Пас.,Перемишль,both,2026-09-28 02:01:52,2026-09-28 04:28:34,2,186,186,186,В дорозі,Висока,,8,7,0,1,2026-09-28 10:15:39,186,,191,first_seen,0
75/76|Київ-Пас.|Кривий Ріг-Головний|27.09@20260928-0201,75/76|Київ-Пас.|Кривий Ріг-Головний|27.09,75/76,27.09,Київ-Пас.,Кривий Ріг-Головний,both,2026-09-28 02:01:52,2026-09-28 04:28:34,2,138,138,131,В дорозі,Висока,,6,3,0,1,2026-09-28 10:15:39,138,,134,first_seen,0
789/790|Кропивницький|Київ-Пас.|27.09@20260928-0201,789/790|Кропивницький|Київ-Пас.|27.09,789/790,27.09,Кропивницький,Київ-Пас.,both,2026-09-28 02:01:52,2026-09-28 04:28:34,2,116,120,116,В дорозі,Висока,,6,5,0,1,2026-09-28 10:15:39,116,,120,first_seen,0
719/720|Київ-Пас.|Харків-Пас.|@20260928-0201,719/720|Київ-Пас.|Харків-Пас.|,719/720,,Київ-Пас.,Харків-Пас.,both,2026-09-28 02:01:52,2026-09-28 04:28:34,2,126,126,119,В дорозі,Висока,,8,7,0,1,2026-09-28 10:15:39,126,,137,first_seen,0
143/144|Рахів|Суми|@20260928-0201,143/144|Рахів|Суми|,143/144,,Рахів,Суми,transit,2026-09-28 02:01:52,2026-09-28 10:15:39,3,240,240,116,В дорозі,Висока,,33,32,0,1,2026-09-28 18:29:00,240,,251,first_seen,1
21/22|Львів|Харків-Пас.|@20260928-0201,21/22|Львів|Харків-Пас.|,21/22,,Львів,Харків-Пас.,both,2026-09-28 02:01:52,2026-09-28 10:15:39,3,240,240,103,В дорозі,Висока,,19,18,0,1,2026-09-28 18:29:00,240,,243,first_seen,1
65/66|Київ-Пас.|Конотоп-Пас.|@20260928-0201,65/66|Київ-Пас.|Конотоп-Пас.|,65/66,,Київ-Пас.,Конотоп-Пас.,endpoint,2026-09-28 02:01:52,2026-09-28 02:01:52,1,90,90,90,Готується,Висока,,0,0,0,1,2026-09-28 04:28:34,90,,,first_seen,0
89/90|Київ-Пас.|Перемишль|27.09@20260928-0201,89/90|Київ-Пас.|Перемишль|27.09,89/90,27.09,Київ-Пас.,Перемишль,both,2026-09-28 02:01:52,2026-09-28 10:15:39,3,330,330,90,В дорозі,Висока,,9,8,0,1,2026-09-28 18:29:00,330,,346,first_seen,1
37/38|Одеса-Головна|Ужгород|@20260928-0201,37/38|Одеса-Головна|Ужгород|,37/38,,Одеса-Головна,Ужгород,both,2026-09-28 02:01:52,2026-09-28 10:15:39,3,80,112,80,В дорозі,Висока,,25,20,0,1,2026-09-28 18:29:00,80,,127,first_seen,1
133/134|Кам'янець-Подільський|Київ-Пас.|@20260928-0201,133/134|Кам'янець-Подільський|Київ-Пас.|,133/134,,Кам'янець-Подільський,Київ-Пас.,both,2026-09-28 02:01:52,2026-09-28 04:28:34,2,79,87,79,В дорозі,Висока,,16,13,0,1,2026-09-28 10:15:39,79,,94,first_seen,0
87/88|Дніпро-Головний|Ковель-Пас.|@20260928-0201,87/88|Дніпро-Головний|Ковель-Пас.|,87/88,,Дніпро-Головний,Ковель-Пас.,both,2026-09-28 02:01:52,2026-09-28 10:15:39,3,290,290,70,В дорозі,Висока,,33,31,0,1,2026-09-28 18:29:00,290,,306,first_seen,1
37/38|Ужгород|Одеса-Головна|@20260928-0201,37/38|Ужгород|Одеса-Головна|,37/38,,Ужгород,Одеса-Головна,both,2026-09-28 02:01:52,2026-09-28 04:28:34,2,124,124,83,В дорозі,Висока,,23,21,0,1,2026-09-28 18:29:00,124,,118,first_seen,0
105/106|Одеса-Головна|Київ-Пас.|@20260928-0201,105/106|Одеса-Головна|Київ-Пас.|,105/106,,Одеса-Головна,Київ-Пас.,both,2026-09-28 02:01:52,2026-09-28 10:15:39,3,200,200,59,В дорозі,Висока,,15,14,0,1,2026-09-28 18:29:00,200,,190,first_seen,1
97/98|Київ-Пас.|Ковель-Пас.|@20260928-0201,97/98|Київ-Пас.|Ковель-Пас.|,97/98,,Київ-Пас.,Ковель-Пас.,both,2026-09-28 02:01:52,2026-09-28 04:28:34,2,58,58,58,В дорозі,Висока,,15,4,0,1,2026-09-28 10:15:39,58,,58,first_seen,0
121/122|Київ-Пас.|Миколаїв Пас.|@20260928-0201,121/122|Київ-Пас.|Миколаїв Пас.|,121/122,,Київ-Пас.,Миколаїв Пас.,both,2026-09-28 02:01:52,2026-09-28 04:28:34,2,25,50,25,В дорозі,Висока,,16,11,0,1,2026-09-28 10:15:39,25,,58,first_seen,0
37/38|Запоріжжя-1|Київ-Пас.|@20260928-0201,37/38|Запоріжжя-1|Київ-Пас.|,37/38,,Запоріжжя-1,Київ-Пас.,both,2026-09-28 02:01:52,2026-09-28 04:28:34,2,44,48,44,В дорозі,Висока,,7,6,0,1,2026-09-28 10:15:39,44,,62,first_seen,0
93/94|Хелм|Харків-Пас.|@20260928-0201,93/94|Хелм|Харків-Пас.|,93/94,,Хелм,Харків-Пас.,both,2026-09-28 02:01:52,2026-09-28 10:15:39,3,200,200,43,В дорозі,Висока,,9,7,0,1,2026-09-29 00:19:00,200,,206,first_seen,1
103/104|Львів|Берестин|@20260928-0201,103/104|Львів|Берестин|,103/104,,Львів,Берестин,both,2026-09-28 02:01:52,2026-09-28 10:15:39,3,220,220,41,В дорозі,Висока,,19,15,0,1,2026-09-28 18:29:00,220,,224,first_seen,1
715/716|Перемишль|Київ-Пас.|@20260928-0201,715/716|Перемишль|Київ-Пас.|,715/716,,Перемишль,Київ-Пас.,both,2026-09-28 02:01:52,2026-09-28 04:28:34,2,37,41,37,В дорозі,Висока,,8,3,0,1,2026-09-28 10:15:39,37,,37,first_seen,0
15/16|Чернівці|Харків-Пас.|@20260928-0201,15/16|Чернівці|Харків-Пас.|,15/16,,Чернівці,Харків-Пас.,both,2026-09-28 02:01:52,2026-09-28 10:15:39,3,160,160,39,В дорозі,Висока,,15,14,0,1,2026-09-28 18:29:00,160,,171,first_seen,1
11/12|Одеса-Головна|Львів|@20260928-0201,11/12|Одеса-Головна|Львів|,11/12,,Одеса-Головна,Львів,both,2026-09-28 02:01:52,2026-09-28 04:28:34,2,37,38,37,В дорозі,Висока,,12,8,0,1,2026-09-28 10:15:39,37,,39,first_seen,0
35/36|Одеса-Головна|Перемишль|@20260928-0201,35/36|Одеса-Головна|Перемишль|,35/36,,Одеса-Головна,Перемишль,both,2026-09-28 02:01:52,2026-09-28 04:28:34,2,37,38,37,В дорозі,Висока,,13,8,0,1,2026-09-28 10:15:39,37,,39,first_seen,0
51/52|Перемишль|Київ-Пас.|@20260928-0201,51/52|Перемишль|Київ-Пас.|,51/52,,Перемишль,Київ-Пас.,both,2026-09-28 02:01:52,2026-09-28 10:15:39,3,72,72,33,В дорозі,Висока,,4,3,0,1,2026-09-28 18:29:00,72,,76,first_seen,1
85/86|Львів|Дніпро-Головний|@20260928-0201,85/86|Львів|Дніпро-Головний|,85/86,,Львів,Дніпро-Головний,both,2026-09-28 02:01:52,2026-09-28 02:01:52,1,32,32,32,В дорозі,Висока,,9,3,0,1,2026-09-28 04:28:34,32,,31,first_seen,0
5/6|Ясіня|Запоріжжя-1|@20260928-0201,5/6|Ясіня|Запоріжжя-1|,5/6,,Ясіня,Запоріжжя-1,transit,2026-09-28 02:01:52,2026-09-28 02:01:52,1,32,32,32,В дорозі,Висока,,19,11,0,1,2026-09-28 04:28:34,32,,31,first_seen,0
39/40|Солотвино-1|Запоріжжя-1|@20260928-0201,39/40|Солотвино-1|Запоріжжя-1|,39/40,,Солотвино-1,Запоріжжя-1,transit,2026-09-28 02:01:52,2026-09-28 04:28:34,2,32,32,32,В дорозі,Висока,,34,27,0,1,2026-09-28 10:15:39,32,,34,first_seen,0
23/24|Хелм|Київ-Пас.|@20260928-0201,23/24|Хелм|Київ-Пас.|,23/24,,Хелм,Київ-Пас.,both,2026-09-28 02:01:52,2026-09-28 02:01:52,1,17,17,17,В дорозі,Висока,,4,2,0,1,2026-09-28 10:15:39,17,,27,first_seen,0
139/140|Київ-Пас.|Знам'Янка|27.09@20260928-0201,139/140|Київ-Пас.|Знам'Янка|27.09,139/140,27.09,Київ-Пас.,Знам'Янка,endpoint,2026-09-28 02:01:52,2026-09-28 02:01:52,1,,,,В дорозі,Висока,,0,0,0,1,2026-09-28 04:28:34,,,,first_seen,0
55/56|Київ-Пас.|Рахів|27.09@20260928-0428,55/56|Київ-Пас.|Рахів|27.09,55/56,27.09,Київ-Пас.,Рахів,both,2026-09-28 04:28:34,2026-09-28 10:15:39,2,360,360,341,В дорозі,Висока,,26,16,0,1,2026-09-28 18:29:00,360,,383,first_seen,1
65/66|Київ-Пас.|Суми|@20260928-0428,65/66|Київ-Пас.|Суми|,65/66,,Київ-Пас.,Суми,both,2026-09-28 04:28:34,2026-09-28 04:28:34,1,184,184,184,В дорозі,Висока,,11,8,0,1,2026-09-28 10:15:39,184,,187,first_seen,0
139/140|Київ-Пас.|Кам'янець-Подільський|@20260928-1015,139/140|Київ-Пас.|Кам'янець-Подільський|,139/140,,Київ-Пас.,Кам'янець-Подільський,both,2026-09-28 10:15:39,2026-09-28 10:15:39,1,340,340,340,В дорозі,Висока,,15,8,0,1,2026-09-28 18:29:00,340,,345,first_seen,0
113/114|Ужгород|Харків-Пас.|@20260928-1015,113/114|Ужгород|Харків-Пас.|,113/114,,Ужгород,Харків-Пас.,both,2026-09-28 10:15:39,2026-09-28 10:15:39,1,290,290,290,В дорозі,Середня,,43,34,0,1,2026-09-28 18:29:00,290,,88,first_seen,0
81/82|Ужгород|Київ-Пас.|@20260928-1015,81/82|Ужгород|Київ-Пас.|,81/82,,Ужгород,Київ-Пас.,both,2026-09-28 10:15:39,2026-09-28 10:15:39,1,212,212,212,В дорозі,Висока,,16,15,0,1,2026-09-28 18:29:00,212,,162,first_seen,0
59/60|Чоп|Київ-Пас.|@20260928-1015,59/60|Чоп|Київ-Пас.|,59/60,,Чоп,Київ-Пас.,both,2026-09-28 10:15:39,2026-09-28 10:15:39,1,200,200,200,В дорозі,Висока,,23,22,0,1,2026-09-28 18:29:00,200,,127,first_seen,0
57/58|Ясіня|Київ-Пас.|@20260928-1015,57/58|Ясіня|Київ-Пас.|,57/58,,Ясіня,Київ-Пас.,both,2026-09-28 10:15:39,2026-09-28 10:15:39,1,200,200,200,В дорозі,Висока,,22,21,0,1,2026-09-28 18:29:00,200,,127,first_seen,0
31/32|Перемишль|Запоріжжя-1|@20260928-1015,31/32|Перемишль|Запоріжжя-1|,31/32,,Перемишль,Запоріжжя-1,transit,2026-09-28 10:15:39,2026-09-28 10:15:39,1,190,190,190,В дорозі,Висока,,12,8,0,1,2026-09-28 18:29:00,190,,193,first_seen,0
3/4|Ужгород|Дніпро-Головний|@20260928-1015,3/4|Ужгород|Дніпро-Головний|,3/4,,Ужгород,Дніпро-Головний,both,2026-09-28 10:15:39,2026-09-28 10:15:39,1,190,190,190,В дорозі,Висока,,15,13,0,1,2026-09-29 00:19:00,190,,193,first_seen,0
7/8|Чернівці|Київ-Пас.|@20260928-1015,7/8|Чернівці|Київ-Пас.|,7/8,,Чернівці,Київ-Пас.,both,2026-09-28 10:15:39,2026-09-28 10:15:39,1,190,190,190,В дорозі,Висока,,9,8,0,1,2026-09-28 18:29:00,190,,85,first_seen,0
29/30|Ужгород|Київ-Пас.|@20260928-1015,29/30|Ужгород|Київ-Пас.|,29/30,,Ужгород,Київ-Пас.,both,2026-09-28 10:15:39,2026-09-28 10:15:39,1,190,190,190,В дорозі,Висока,,9,8,0,1,2026-09-28 18:29:00,190,,83,first_seen,0
45/46|Харків-Пас.|Ужгород|28.09@20260928-1015,45/46|Харків-Пас.|Ужгород|28.09,45/46,28.09,Харків-Пас.,Ужгород,both,2026-09-28 10:15:39,2026-09-29 04:07:19,4,140,210,140,В дорозі,Висока,,23,17,0,1,2026-09-29 09:53:18,140,,253,first_seen,1
129/130|Мукачево|Полтава-Півд.|@20260928-1015,129/130|Мукачево|Полтава-Півд.|,129/130,,Мукачево,Полтава-Півд.,both,2026-09-28 10:15:39,2026-09-28 10:15:39,1,170,170,170,В дорозі,Висока,,20,17,0,1,2026-09-28 18:29:00,170,,172,first_seen,0
131/132|Мукачево|Кременчук-Пас.|@20260928-1015,131/132|Мукачево|Кременчук-Пас.|,131/132,,Мукачево,Кременчук-Пас.,transit,2026-09-28 10:15:39,2026-09-28 10:15:39,1,170,170,170,В дорозі,Висока,,21,17,0,1,2026-09-28 18:29:00,170,,172,first_seen,0
69/70|Перемишль|Кременчук-Пас.|@20260928-1015,69/70|Перемишль|Кременчук-Пас.|,69/70,,Перемишль,Кременчук-Пас.,transit,2026-09-28 10:15:39,2026-09-28 10:15:39,1,170,170,170,В дорозі,Висока,,16,12,0,1,2026-09-28 18:29:00,170,,172,first_seen,0
21/22|Харків-Пас.|Львів|@20260928-1015,21/22|Харків-Пас.|Львів|,21/22,,Харків-Пас.,Львів,both,2026-09-28 10:15:39,2026-09-28 10:15:39,1,170,170,170,В дорозі,Висока,,14,10,0,1,2026-09-28 18:29:00,170,,170,first_seen,0
43/44|Івано-Франківськ|Черкаси|@20260928-1015,43/44|Івано-Франківськ|Черкаси|,43/44,,Івано-Франківськ,Черкаси,transit,2026-09-28 10:15:39,2026-09-28 10:15:39,1,150,150,150,В дорозі,Висока,,16,15,0,1,2026-09-28 18:29:00,150,,174,first_seen,0
55/56|Рахів|Київ-Пас.|@20260928-1015,55/56|Рахів|Київ-Пас.|,55/56,,Рахів,Київ-Пас.,both,2026-09-28 10:15:39,2026-09-28 10:15:39,1,150,150,150,В дорозі,Висока,,23,21,0,1,2026-09-28 18:29:00,150,,123,first_seen,0
233/234|Чернівці|Кривий Ріг-Головний|@20260928-1015,233/234|Чернівці|Кривий Ріг-Головний|,233/234,,Чернівці,Кривий Ріг-Головний,transit,2026-09-28 10:15:39,2026-09-28 10:15:39,1,140,140,140,В дорозі,Висока,,11,10,0,1,2026-09-28 18:29:00,140,,152,first_seen,0
293/294|Рахів|Кривий Ріг-Головний|@20260928-1015,293/294|Рахів|Кривий Ріг-Головний|,293/294,,Рахів,Кривий Ріг-Головний,transit,2026-09-28 10:15:39,2026-09-28 10:15:39,1,140,140,140,В дорозі,Висока,,16,15,0,1,2026-09-28 18:29:00,140,,152,first_seen,0
23/24|Хелм|Київ-Пас.|@20260928-1015,23/24|Хелм|Київ-Пас.|,23/24,,Хелм,Київ-Пас.,both,2026-09-28 10:15:39,2026-09-28 10:15:39,1,129,129,129,В дорозі,Висока,,8,7,0,1,2026-09-28 18:29:00,129,,135,absent_5.8h_over_1_runs,0
27/28|Чоп|Київ-Пас.|@20260928-1015,27/28|Чоп|Київ-Пас.|,27/28,,Чоп,Київ-Пас.,both,2026-09-28 10:15:39,2026-09-28 10:15:39,1,110,110,110,В дорозі,Висока,,7,6,0,1,2026-09-28 18:29:00,110,,128,first_seen,0
95/96|Рахів|Київ-Пас.|@20260928-1015,95/96|Рахів|Київ-Пас.|,95/96,,Рахів,Київ-Пас.,both,2026-09-28 10:15:39,2026-09-28 10:15:39,1,110,110,110,В дорозі,Висока,,12,11,0,1,2026-09-28 18:29:00,110,,128,first_seen,0
67/68|Варшава Заходня|Київ-Пас.|@20260928-1015,67/68|Варшава Заходня|Київ-Пас.|,67/68,,Варшава Заходня,Київ-Пас.,both,2026-09-28 10:15:39,2026-09-28 10:15:39,1,90,90,90,В дорозі,Висока,,4,3,0,1,2026-09-28 18:29:00,90,,71,first_seen,0
19/20|Хелм|Київ-Пас.|@20260928-1015,19/20|Хелм|Київ-Пас.|,19/20,,Хелм,Київ-Пас.,both,2026-09-28 10:15:39,2026-09-28 10:15:39,1,90,90,90,В дорозі,Висока,,4,3,0,1,2026-09-28 18:29:00,90,,71,first_seen,0
725/726|Харків-Пас.|Київ-Пас.|@20260928-1015,725/726|Харків-Пас.|Київ-Пас.|,725/726,,Харків-Пас.,Київ-Пас.,both,2026-09-28 10:15:39,2026-09-28 10:15:39,1,90,90,90,В дорозі,Висока,,7,2,0,1,2026-09-28 18:29:00,90,,93,first_seen,0
13/14|Солотвино-1|Київ-Пас.|@20260928-1015,13/14|Солотвино-1|Київ-Пас.|,13/14,,Солотвино-1,Київ-Пас.,both,2026-09-28 10:15:39,2026-09-28 10:15:39,1,60,60,60,В дорозі,Висока,,31,29,0,1,2026-09-28 18:29:00,60,,55,first_seen,0
53/54|Дніпро-Головний|Одеса-Головна|@20260928-1015,53/54|Дніпро-Головний|Одеса-Головна|,53/54,,Дніпро-Головний,Одеса-Головна,both,2026-09-28 10:15:39,2026-09-28 10:15:39,1,60,60,60,В дорозі,Висока,,14,13,0,1,2026-09-28 18:29:00,60,,80,first_seen,0
1/2|Харків-Пас.|Рахів|27.09@20260928-1829,1/2|Харків-Пас.|Рахів|27.09,1/2,27.09,Харків-Пас.,Рахів,endpoint,2026-09-28 18:29:00,2026-09-28 18:29:00,1,520,520,520,В дорозі,Висока,,0,0,0,1,2026-09-29 00:19:00,520,,,first_seen,0
773/774|Жмеринка-Пас.|Конотоп-Пас.|@20260928-1829,773/774|Жмеринка-Пас.|Конотоп-Пас.|,773/774,,Жмеринка-Пас.,Конотоп-Пас.,transit,2026-09-28 18:29:00,2026-09-28 18:29:00,1,370,370,370,В дорозі,Висока,,19,10,0,1,2026-09-29 00:19:00,370,,375,first_seen,0
351/352|Кишинеу|Київ-Пас.|@20260928-1829,351/352|Кишинеу|Київ-Пас.|,351/352,,Кишинеу,Київ-Пас.,both,2026-09-28 18:29:00,2026-09-28 18:29:00,1,329,329,329,В дорозі,Висока,,13,13,1,1,2026-09-29 00:19:00,329,330,330,first_seen,0
45/46|Ужгород|Харків-Пас.|@20260928-1829,45/46|Ужгород|Харків-Пас.|,45/46,,Ужгород,Харків-Пас.,endpoint,2026-09-28 18:29:00,2026-09-29 04:07:19,3,240,290,240,В дорозі,Висока,,0,0,0,1,2026-09-29 09:53:18,240,,299,first_seen,1
121/122|Миколаїв Пас.|Київ-Пас.|@20260928-1829,121/122|Миколаїв Пас.|Київ-Пас.|,121/122,,Миколаїв Пас.,Київ-Пас.,endpoint,2026-09-28 18:29:00,2026-09-29 04:07:19,3,380,380,190,В дорозі,Висока,,0,0,0,1,2026-09-29 16:40:57,380,,368,absent_16.5h_over_3_runs,1
747/748|Тернопіль-Пас.|Київ-Пас.|@20260928-1829,747/748|Тернопіль-Пас.|Київ-Пас.|,747/748,,Тернопіль-Пас.,Київ-Пас.,both,2026-09-28 18:29:00,2026-09-28 18:29:00,1,180,180,180,В дорозі,Висока,,9,8,0,1,2026-09-29 00:19:00,180,,86,first_seen,0
107/108|Київ-Пас.|Солотвино-1|@20260928-1829,107/108|Київ-Пас.|Солотвино-1|,107/108,,Київ-Пас.,Солотвино-1,both,2026-09-28 18:29:00,2026-09-29 09:53:18,4,259,290,180,В дорозі,Висока,,27,20,0,1,2026-09-29 16:40:57,259,,294,first_seen,1
351/352|Київ-Пас.|Кишинеу|@20260928-1829,351/352|Київ-Пас.|Кишинеу|,351/352,,Київ-Пас.,Кишинеу,endpoint,2026-09-28 18:29:00,2026-09-29 09:53:18,4,390,390,180,В дорозі,Середня,,0,0,0,1,2026-09-29 16:40:57,390,,,first_seen,1
119/120|Дніпро-Головний|Хелм|@20260928-1829,119/120|Дніпро-Головний|Хелм|,119/120,,Дніпро-Головний,Хелм,both,2026-09-28 18:29:00,2026-09-28 18:29:00,1,170,170,170,В дорозі,Висока,,14,13,0,1,2026-09-29 00:19:00,170,,182,first_seen,0
749/750|Київ-Пас.|Ужгород|@20260928-1829,749/750|Київ-Пас.|Ужгород|,749/750,,Київ-Пас.,Ужгород,both,2026-09-28 18:29:00,2026-09-29 04:07:19,3,180,190,160,В дорозі,Висока,,9,9,1,1,2026-09-29 16:40:57,180,205,205,absent_16.5h_over_3_runs,1
143/144|Суми|Рахів|@20260928-1829,143/144|Суми|Рахів|,143/144,,Суми,Рахів,transit,2026-09-28 18:29:00,2026-09-29 09:53:18,4,168,210,140,В дорозі,Висока,,29,23,0,1,2026-09-29 16:40:57,168,,216,first_seen,1
749/750|Ужгород|Київ-Пас.|@20260928-1829,749/750|Ужгород|Київ-Пас.|,749/750,,Ужгород,Київ-Пас.,endpoint,2026-09-28 18:29:00,2026-09-29 00:19:00,2,220,220,120,В дорозі,Висока,,0,0,0,1,2026-09-29 09:53:18,220,,58,first_seen,1
733/734|Київ-Пас.|Дніпро-Головний|@20260928-1829,733/734|Київ-Пас.|Дніпро-Головний|,733/734,,Київ-Пас.,Дніпро-Головний,both,2026-09-28 18:29:00,2026-09-29 04:07:19,3,200,200,120,В дорозі,Висока,,7,4,0,1,2026-09-29 09:53:18,200,,224,absent_16.5h_over_3_runs,1
109/110|Миколаїв Пас.|Львів|@20260928-1829,109/110|Миколаїв Пас.|Львів|,109/110,,Миколаїв Пас.,Львів,both,2026-09-28 18:29:00,2026-09-29 09:53:18,4,96,190,96,В дорозі,Висока,,22,21,0,1,2026-09-29 16:40:57,96,,227,first_seen,1
771/772|Хмельницький|Київ-Пас.|@20260928-1829,771/772|Хмельницький|Київ-Пас.|,771/772,,Хмельницький,Київ-Пас.,both,2026-09-28 18:29:00,2026-09-28 18:29:00,1,110,110,110,В дорозі,Висока,,10,8,0,1,2026-09-29 00:19:00,110,,12,first_seen,0
5/6|Запоріжжя-1|Ясіня|@20260928-1829,5/6|Запоріжжя-1|Ясіня|,5/6,,Запоріжжя-1,Ясіня,transit,2026-09-28 18:29:00,2026-09-29 09:53:18,4,151,151,60,В дорозі,Висока,,18,14,0,1,2026-09-29 16:40:57,151,,152,delay_drop_250,1
31/32|Запоріжжя-1|Перемишль|@20260928-1829,31/32|Запоріжжя-1|Перемишль|,31/32,,Запоріжжя-1,Перемишль,transit,2026-09-28 18:29:00,2026-09-29 09:53:18,4,358,358,90,В дорозі,Висока,,12,11,0,1,2026-09-29 21:52:24,358,,356,delay_drop_280,1
3/4|Дніпро-Головний|Ужгород|@20260928-1829,3/4|Дніпро-Головний|Ужгород|,3/4,,Дніпро-Головний,Ужгород,both,2026-09-28 18:29:00,2026-09-29 16:40:57,5,366,366,90,В дорозі,Висока,,16,14,0,1,2026-09-29 21:52:24,366,417,417,delay_drop_280,1
41/42|Дніпро-Головний|Трускавець|@20260928-1829,41/42|Дніпро-Головний|Трускавець|,41/42,,Дніпро-Головний,Трускавець,both,2026-09-28 18:29:00,2026-09-29 09:53:18,4,190,190,90,В дорозі,Висока,,30,27,0,1,2026-09-29 16:40:57,190,,222,delay_drop_160,1
285/286|Дніпро-Головний|Львів|@20260928-1829,285/286|Дніпро-Головний|Львів|,285/286,,Дніпро-Головний,Львів,both,2026-09-28 18:29:00,2026-09-29 09:53:18,4,190,190,90,В дорозі,Висока,,28,27,0,1,2026-09-29 16:40:57,190,,222,delay_drop_160,1
37/38|Ужгород|Одеса-Головна|@20260928-1829,37/38|Ужгород|Одеса-Головна|,37/38,,Ужгород,Одеса-Головна,both,2026-09-28 18:29:00,2026-09-29 04:07:19,3,50,70,50,В дорозі,Висока,,23,20,0,1,2026-09-29 09:53:18,50,,83,absent_8.2h_over_1_runs,1
723/724|Харків-Пас.|Київ-Пас.|@20260928-1829,723/724|Харків-Пас.|Київ-Пас.|,723/724,,Харків-Пас.,Київ-Пас.,both,2026-09-28 18:29:00,2026-09-28 18:29:00,1,70,70,70,В дорозі,Висока,,8,5,0,1,2026-09-29 00:19:00,70,,82,absent_19.3h_over_4_runs,0
85/86|Дніпро-Головний|Львів|@20260928-1829,85/86|Дніпро-Головний|Львів|,85/86,,Дніпро-Головний,Львів,both,2026-09-28 18:29:00,2026-09-29 04:07:19,3,70,70,60,В дорозі,Висока,,9,8,0,1,2026-09-29 09:53:18,70,,113,delay_drop_270,1
5/6|Ясіня|Запоріжжя-1|@20260928-1829,5/6|Ясіня|Запоріжжя-1|,5/6,,Ясіня,Запоріжжя-1,transit,2026-09-28 18:29:00,2026-09-29 04:07:19,3,70,70,70,В дорозі,Висока,,17,10,0,1,2026-09-29 16:40:57,70,,86,absent_14.0h_over_2_runs,1
103/104|Берестин|Львів|@20260928-1829,103/104|Берестин|Львів|,103/104,,Берестин,Львів,both,2026-09-28 18:29:00,2026-09-29 04:07:19,3,90,90,70,В дорозі,Висока,,18,13,0,1,2026-09-29 09:53:18,90,,138,delay_drop_350,1
705/706|Перемишль|Київ-Пас.|@20260928-1829,705/706|Перемишль|Київ-Пас.|,705/706,,Перемишль,Київ-Пас.,both,2026-09-28 18:29:00,2026-09-28 18:29:00,1,60,60,60,В дорозі,Висока,,7,6,0,1,2026-09-29 00:19:00,60,,75,first_seen,0
9/10|Київ-Пас.|Будапешт-Келеті|@20260928-1829,9/10|Київ-Пас.|Будапешт-Келеті|,9/10,,Київ-Пас.,Будапешт-Келеті,endpoint,2026-09-28 18:29:00,2026-09-29 04:07:19,3,70,70,60,В дорозі,Висока,,0,0,0,1,2026-09-29 16:40:57,70,73,74,absent_8.2h_over_1_runs,1
715/716|Київ-Пас.|Перемишль|@20260928-1829,715/716|Київ-Пас.|Перемишль|,715/716,,Київ-Пас.,Перемишль,both,2026-09-28 18:29:00,2026-09-28 18:29:00,1,60,60,60,В дорозі,Висока,,6,5,0,1,2026-09-29 00:19:00,60,,68,first_seen,0
177/178|Івано-Франківськ|Київ-Пас.|@20260928-1829,177/178|Івано-Франківськ|Київ-Пас.|,177/178,,Івано-Франківськ,Київ-Пас.,both,2026-09-28 18:29:00,2026-09-28 18:29:00,1,60,60,60,В дорозі,Висока,,4,3,0,1,2026-09-29 00:19:00,60,,31,absent_16.5h_over_3_runs,0
63/64|Харків-Пас.|Перемишль|@20260928-1829,63/64|Харків-Пас.|Перемишль|,63/64,,Харків-Пас.,Перемишль,both,2026-09-28 18:29:00,2026-09-28 18:29:00,1,55,55,55,В дорозі,Висока,,11,10,0,1,2026-09-29 00:19:00,55,,52,first_seen,0
773/774|Конотоп-Пас.|Жмеринка-Пас.|@20260929-0019,773/774|Конотоп-Пас.|Жмеринка-Пас.|,773/774,,Конотоп-Пас.,Жмеринка-Пас.,transit,2026-09-29 00:19:00,2026-09-29 04:07:19,2,504,504,480,В дорозі,Висока,,17,10,0,1,2026-09-29 09:53:18,504,,520,first_seen,0
119/120|Хелм|Дніпро-Головний|@20260929-0019,119/120|Хелм|Дніпро-Головний|,119/120,,Хелм,Дніпро-Головний,both,2026-09-29 00:19:00,2026-09-29 04:07:19,2,445,445,435,В дорозі,Висока,,13,10,0,1,2026-09-29 16:40:57,445,,442,absent_5.8h_over_1_runs,0
17/18|Ужгород|Харків-Пас.|@20260929-0019,17/18|Ужгород|Харків-Пас.|,17/18,,Ужгород,Харків-Пас.,both,2026-09-29 00:19:00,2026-09-29 16:40:57,4,446,454,360,В дорозі,Висока,,13,12,0,1,2026-09-29 21:52:24,446,,460,first_seen,1
119/120|Дніпро-Головний|Хелм|27.09@20260929-0019,119/120|Дніпро-Головний|Хелм|27.09,119/120,27.09,Дніпро-Головний,Хелм,endpoint,2026-09-29 00:19:00,2026-09-29 00:19:00,1,350,350,350,В дорозі,Висока,,0,0,0,1,2026-09-29 04:07:19,350,,,first_seen,0
233/234|Кривий Ріг-Головний|Чернівці|@20260929-0019,233/234|Кривий Ріг-Головний|Чернівці|,233/234,,Кривий Ріг-Головний,Чернівці,transit,2026-09-29 00:19:00,2026-09-29 09:53:18,3,344,344,250,В дорозі,Висока,,13,12,0,1,2026-09-29 16:40:57,344,,299,first_seen,1
293/294|Кривий Ріг-Головний|Рахів|@20260929-0019,293/294|Кривий Ріг-Головний|Рахів|,293/294,,Кривий Ріг-Головний,Рахів,transit,2026-09-29 00:19:00,2026-09-29 16:40:57,4,372,372,250,В дорозі,Висока,,19,13,0,1,2026-09-29 21:52:24,372,,367,first_seen,1
55/56|Київ-Пас.|Рахів|@20260929-0019,55/56|Київ-Пас.|Рахів|,55/56,,Київ-Пас.,Рахів,both,2026-09-29 00:19:00,2026-09-29 09:53:18,3,204,210,200,В дорозі,Висока,,21,17,0,1,2026-09-29 16:40:57,204,,216,first_seen,1
1/2|Харків-Пас.|Рахів|@20260929-0019,1/2|Харків-Пас.|Рахів|,1/2,,Харків-Пас.,Рахів,both,2026-09-29 00:19:00,2026-09-30 10:28:01,8,375,375,113,В дорозі,Висока,,14,7,0,1,2026-09-30 22:01:58,375,,375,absent_5.8h_over_1_runs,1
207/208|Київ-Пас.|Івано-Франківськ|@20260929-0019,207/208|Київ-Пас.|Івано-Франківськ|,207/208,,Київ-Пас.,Івано-Франківськ,both,2026-09-29 00:19:00,2026-09-29 04:07:19,2,170,170,170,В дорозі,Висока,,3,2,0,1,2026-09-29 09:53:18,170,,170,absent_14.1h_over_2_runs,0
7/8|Київ-Пас.|Чернівці|@20260929-0019,7/8|Київ-Пас.|Чернівці|,7/8,,Київ-Пас.,Чернівці,both,2026-09-29 00:19:00,2026-09-29 09:53:18,3,207,207,170,В дорозі,Висока,,6,4,0,1,2026-09-29 16:40:57,207,,212,absent_14.1h_over_2_runs,1
29/30|Київ-Пас.|Ужгород|@20260929-0019,29/30|Київ-Пас.|Ужгород|,29/30,,Київ-Пас.,Ужгород,both,2026-09-29 00:19:00,2026-09-29 09:53:18,3,210,210,170,В дорозі,Висока,,9,6,0,1,2026-09-29 16:40:57,210,,215,first_seen,1
27/28|Київ-Пас.|Чоп|@20260929-0019,27/28|Київ-Пас.|Чоп|,27/28,,Київ-Пас.,Чоп,both,2026-09-29 00:19:00,2026-09-29 09:53:18,3,203,203,170,В дорозі,Висока,,4,2,0,1,2026-09-29 16:40:57,203,,215,first_seen,1
67/68|Київ-Пас.|Варшава Заходня|@20260929-0019,67/68|Київ-Пас.|Варшава Заходня|,67/68,,Київ-Пас.,Варшава Заходня,both,2026-09-29 00:19:00,2026-09-29 09:53:18,3,160,160,160,В дорозі,Висока,,3,2,0,1,2026-09-29 16:40:57,160,,177,first_seen,1
1/2|Рахів|Харків-Пас.|@20260929-0019,1/2|Рахів|Харків-Пас.|,1/2,,Рахів,Харків-Пас.,both,2026-09-29 00:19:00,2026-09-29 09:53:18,3,267,267,154,В дорозі,Висока,,11,10,0,1,2026-09-29 21:52:24,267,,178,first_seen,1
63/64|Перемишль|Харків-Пас.|@20260929-0019,63/64|Перемишль|Харків-Пас.|,63/64,,Перемишль,Харків-Пас.,both,2026-09-29 00:19:00,2026-09-29 04:07:19,2,150,150,150,В дорозі,Висока,,12,10,0,1,2026-09-29 16:40:57,150,,153,absent_14.1h_over_2_runs,0
49/50|Київ-Пас.|Трускавець|@20260929-0019,49/50|Київ-Пас.|Трускавець|,49/50,,Київ-Пас.,Трускавець,both,2026-09-29 00:19:00,2026-09-29 09:53:18,3,242,242,150,В дорозі,Висока,,4,2,0,1,2026-09-29 16:40:57,242,,274,absent_19.8h_over_3_runs,1
95/96|Київ-Пас.|Рахів|@20260929-0019,95/96|Київ-Пас.|Рахів|,95/96,,Київ-Пас.,Рахів,both,2026-09-29 00:19:00,2026-09-29 09:53:18,3,268,268,150,В дорозі,Висока,,9,2,0,1,2026-09-29 16:40:57,268,,274,absent_19.8h_over_3_runs,1
705/706|Київ-Пас.|Перемишль|@20260929-0019,705/706|Київ-Пас.|Перемишль|,705/706,,Київ-Пас.,Перемишль,both,2026-09-29 00:19:00,2026-09-29 04:07:19,2,140,150,140,В дорозі,Висока,,8,7,0,1,2026-09-29 09:53:18,140,,151,absent_14.1h_over_2_runs,0
43/44|Черкаси|Івано-Франківськ|@20260929-0019,43/44|Черкаси|Івано-Франківськ|,43/44,,Черкаси,Івано-Франківськ,transit,2026-09-29 00:19:00,2026-09-29 09:53:18,3,303,303,120,В дорозі,Висока,,13,5,0,1,2026-09-29 16:40:57,303,,136,absent_5.8h_over_1_runs,1
93/94|Хелм|Харків-Пас.|@20260929-0019,93/94|Хелм|Харків-Пас.|,93/94,,Хелм,Харків-Пас.,both,2026-09-29 00:19:00,2026-09-29 09:53:18,3,255,255,120,В дорозі,Висока,,9,7,0,1,2026-09-29 16:40:57,255,,255,absent_5.8h_over_1_runs,1
23/24|Київ-Пас.|Хелм|@20260929-0019,23/24|Київ-Пас.|Хелм|,23/24,,Київ-Пас.,Хелм,both,2026-09-29 00:19:00,2026-09-29 09:53:18,3,198,198,120,В дорозі,Висока,,5,4,0,1,2026-09-29 16:40:57,198,,208,first_seen,1
59/60|Київ-Пас.|Чоп|@20260929-0019,59/60|Київ-Пас.|Чоп|,59/60,,Київ-Пас.,Чоп,both,2026-09-29 00:19:00,2026-09-29 09:53:18,3,134,134,110,В дорозі,Висока,,21,14,0,1,2026-09-29 16:40:57,134,,134,absent_5.8h_over_1_runs,1
57/58|Київ-Пас.|Ясіня|@20260929-0019,57/58|Київ-Пас.|Ясіня|,57/58,,Київ-Пас.,Ясіня,both,2026-09-29 00:19:00,2026-09-29 09:53:18,3,90,110,90,В дорозі,Висока,,20,14,0,1,2026-09-29 16:40:57,90,,133,absent_5.8h_over_1_runs,1
37/38|Київ-Пас.|Запоріжжя-1|@20260929-0019,37/38|Київ-Пас.|Запоріжжя-1|,37/38,,Київ-Пас.,Запоріжжя-1,both,2026-09-29 00:19:00,2026-09-29 04:07:19,2,150,150,110,Готується,Низька,,9,4,0,1,2026-09-29 09:53:18,150,,192,absent_14.1h_over_2_runs,0
731/732|Дніпро-Головний|Київ-Пас.|@20260929-0019,731/732|Дніпро-Головний|Київ-Пас.|,731/732,,Дніпро-Головний,Київ-Пас.,both,2026-09-29 00:19:00,2026-09-29 00:19:00,1,101,101,101,В дорозі,Висока,,7,6,0,1,2026-09-29 04:07:19,101,,107,absent_22.3h_over_4_runs,0
93/94|Харків-Пас.|Хелм|@20260929-0019,93/94|Харків-Пас.|Хелм|,93/94,,Харків-Пас.,Хелм,both,2026-09-29 00:19:00,2026-09-29 09:53:18,3,220,220,100,В дорозі,Висока,,9,8,0,1,2026-09-29 21:52:24,220,,224,absent_5.8h_over_1_runs,1
51/52|Київ-Пас.|Перемишль|@20260929-0019,51/52|Київ-Пас.|Перемишль|,51/52,,Київ-Пас.,Перемишль,both,2026-09-29 00:19:00,2026-09-29 04:07:19,2,110,110,100,В дорозі,Висока,,3,2,0,1,2026-09-29 09:53:18,110,,,first_seen,0
3/4|Ужгород|Дніпро-Головний|@20260929-0019,3/4|Ужгород|Дніпро-Головний|,3/4,,Ужгород,Дніпро-Головний,both,2026-09-29 00:19:00,2026-09-29 09:53:18,3,212,212,90,В дорозі,Висока,,16,13,0,1,2026-09-29 16:40:57,212,,214,absent_5.8h_over_1_runs,1
121/122|Київ-Пас.|Миколаїв Пас.|@20260929-0019,121/122|Київ-Пас.|Миколаїв Пас.|,121/122,,Київ-Пас.,Миколаїв Пас.,both,2026-09-29 00:19:00,2026-09-29 04:07:19,2,80,80,80,В дорозі,Середня,,16,11,0,1,2026-09-29 09:53:18,80,,129,absent_14.1h_over_2_runs,0
85/86|Львів|Дніпро-Головний|@20260929-0019,85/86|Львів|Дніпро-Головний|,85/86,,Львів,Дніпро-Головний,both,2026-09-29 00:19:00,2026-09-29 04:07:19,2,70,70,70,В дорозі,Висока,,9,4,0,1,2026-09-29 09:53:18,70,,77,absent_19.8h_over_3_runs,0
131/132|Кременчук-Пас.|Мукачево|@20260929-0019,131/132|Кременчук-Пас.|Мукачево|,131/132,,Кременчук-Пас.,Мукачево,transit,2026-09-29 00:19:00,2026-09-29 09:53:18,3,90,90,70,В дорозі,Висока,,20,15,0,1,2026-09-29 16:40:57,90,,115,first_seen,1
69/70|Кременчук-Пас.|Перемишль|@20260929-0019,69/70|Кременчук-Пас.|Перемишль|,69/70,,Кременчук-Пас.,Перемишль,transit,2026-09-29 00:19:00,2026-09-29 09:53:18,3,90,90,70,В дорозі,Висока,,16,15,0,1,2026-09-29 16:40:57,90,,115,first_seen,1
129/130|Полтава-Півд.|Мукачево|@20260929-0019,129/130|Полтава-Півд.|Мукачево|,129/130,,Полтава-Півд.,Мукачево,both,2026-09-29 00:19:00,2026-09-29 09:53:18,3,90,90,70,В дорозі,Висока,,19,14,0,1,2026-09-29 16:40:57,90,,115,first_seen,1
105/106|Київ-Пас.|Одеса-Головна|@20260929-0019,105/106|Київ-Пас.|Одеса-Головна|,105/106,,Київ-Пас.,Одеса-Головна,both,2026-09-29 00:19:00,2026-09-29 09:53:18,3,186,186,70,В дорозі,Висока,,13,12,0,1,2026-09-29 16:40:57,186,,129,first_seen,1
97/98|Ковель-Пас.|Київ-Пас.|@20260929-0019,97/98|Ковель-Пас.|Київ-Пас.|,97/98,,Ковель-Пас.,Київ-Пас.,both,2026-09-29 00:19:00,2026-09-29 04:07:19,2,110,110,70,В дорозі,Висока,,15,13,0,1,2026-09-29 09:53:18,110,,148,first_seen,0
79/80|Львів|Дніпро-Головний|@20260929-0019,79/80|Львів|Дніпро-Головний|,79/80,,Львів,Дніпро-Головний,both,2026-09-29 00:19:00,2026-09-29 04:07:19,2,120,120,60,В дорозі,Висока,,14,11,0,1,2026-09-29 09:53:18,120,,105,absent_5.8h_over_1_runs,0
97/98|Київ-Пас.|Ковель-Пас.|@20260929-0019,97/98|Київ-Пас.|Ковель-Пас.|,97/98,,Київ-Пас.,Ковель-Пас.,both,2026-09-29 00:19:00,2026-09-29 09:53:18,3,145,145,60,В дорозі,Висока,,13,12,0,1,2026-09-29 16:40:57,145,,195,absent_14.1h_over_2_runs,1
75/76|Київ-Пас.|Кривий Ріг-Головний|@20260929-0019,75/76|Київ-Пас.|Кривий Ріг-Головний|,75/76,,Київ-Пас.,Кривий Ріг-Головний,both,2026-09-29 00:19:00,2026-09-29 04:07:19,2,120,120,60,Готується,Низька,,7,4,0,1,2026-09-29 09:53:18,120,,120,first_seen,0
15/16|Харків-Пас.|Чернівці|@20260929-0407,15/16|Харків-Пас.|Чернівці|,15/16,,Харків-Пас.,Чернівці,both,2026-09-29 04:07:19,2026-09-29 09:53:18,2,207,207,150,В дорозі,Висока,,10,7,0,1,2026-09-29 16:40:57,207,,221,first_seen,1
81/82|Київ-Пас.|Ужгород|@20260929-0407,81/82|Київ-Пас.|Ужгород|,81/82,,Київ-Пас.,Ужгород,both,2026-09-29 04:07:19,2026-09-29 16:40:57,3,197,213,90,В дорозі,Висока,,13,12,0,1,2026-09-29 21:52:24,197,,228,absent_9.6h_over_2_runs,1
67/68|Варшава Заходня|Київ-Пас.|@20260929-0407,67/68|Варшава Заходня|Київ-Пас.|,67/68,,Варшава Заходня,Київ-Пас.,both,2026-09-29 04:07:19,2026-09-29 09:53:18,2,112,112,60,В дорозі,Висока,,6,5,0,1,2026-09-29 16:40:57,112,,96,absent_9.6h_over_2_runs,1
91/92|Київ-Пас.|Львів|@20260929-0407,91/92|Київ-Пас.|Львів|,91/92,,Київ-Пас.,Львів,both,2026-09-29 04:07:19,2026-09-29 04:07:19,1,60,60,60,В дорозі,Висока,,4,2,0,1,2026-09-29 09:53:18,60,,63,absent_9.6h_over_2_runs,0
65/66|Київ-Пас.|Конотоп-Пас.|@20260929-0407,65/66|Київ-Пас.|Конотоп-Пас.|,65/66,,Київ-Пас.,Конотоп-Пас.,endpoint,2026-09-29 04:07:19,2026-09-29 04:07:19,1,60,60,60,Готується,Низька,,0,0,0,1,2026-09-29 09:53:18,60,,,absent_23.6h_over_4_runs,0
133/134|Київ-Пас.|Кам'Янець-Подільський|@20260929-0407,133/134|Київ-Пас.|Кам'Янець-Подільський|,133/134,,Київ-Пас.,Кам'Янець-Подільський,endpoint,2026-09-29 04:07:19,2026-09-29 04:07:19,1,60,60,60,Готується,Низька,,0,0,0,1,2026-09-29 09:53:18,60,,,first_seen,0
23/24|Хелм|Київ-Пас.|@20260929-0953,23/24|Хелм|Київ-Пас.|,23/24,,Хелм,Київ-Пас.,both,2026-09-29 09:53:18,2026-09-29 09:53:18,1,277,277,277,В дорозі,Висока,,8,6,0,1,2026-09-29 16:40:57,277,,288,absent_15.4h_over_3_runs,0
31/32|Перемишль|Запоріжжя-1|@20260929-0953,31/32|Перемишль|Запоріжжя-1|,31/32,,Перемишль,Запоріжжя-1,transit,2026-09-29 09:53:18,2026-09-29 09:53:18,1,212,212,212,В дорозі,Висока,,11,6,0,1,2026-09-29 16:40:57,212,,214,absent_15.4h_over_3_runs,0
133/134|Київ-Пас.|Кам'янець-Подільський|@20260929-0953,133/134|Київ-Пас.|Кам'янець-Подільський|,133/134,,Київ-Пас.,Кам'янець-Подільський,both,2026-09-29 09:53:18,2026-09-29 09:53:18,1,132,132,132,В дорозі,Висока,,14,11,0,1,2026-09-29 16:40:57,132,,162,first_seen,0
113/114|Харків-Пас.|Ужгород|@20260929-0953,113/114|Харків-Пас.|Ужгород|,113/114,,Харків-Пас.,Ужгород,both,2026-09-29 09:53:18,2026-09-30 04:37:45,5,196,210,117,В дорозі,Висока,,43,37,0,1,2026-09-30 10:28:01,196,,218,first_seen,1
55/56|Рахів|Київ-Пас.|@20260929-0953,55/56|Рахів|Київ-Пас.|,55/56,,Рахів,Київ-Пас.,both,2026-09-29 09:53:18,2026-09-29 09:53:18,1,113,113,113,В дорозі,Висока,,20,18,0,1,2026-09-29 21:52:24,113,,113,absent_15.4h_over_3_runs,0
137/138|Ясіня|Київ-Пас.|@20260929-0953,137/138|Ясіня|Київ-Пас.|,137/138,,Ясіня,Київ-Пас.,both,2026-09-29 09:53:18,2026-09-29 09:53:18,1,113,113,113,В дорозі,Висока,,15,13,0,1,2026-09-29 16:40:57,113,,113,first_seen,0
141/142|Ясіня|Чернігів|@20260929-0953,141/142|Ясіня|Чернігів|,141/142,,Ясіня,Чернігів,transit,2026-09-29 09:53:18,2026-09-29 09:53:18,1,113,113,113,В дорозі,Висока,,19,15,0,1,2026-09-29 16:40:57,113,,113,first_seen,0
7/8|Харків-Пас.|Одеса-Головна|@20260929-0953,7/8|Харків-Пас.|Одеса-Головна|,7/8,,Харків-Пас.,Одеса-Головна,both,2026-09-29 09:53:18,2026-09-29 09:53:18,1,113,113,113,В дорозі,Висока,,12,11,0,1,2026-09-29 16:40:57,113,,64,first_seen,0
27/28|Чоп|Київ-Пас.|@20260929-0953,27/28|Чоп|Київ-Пас.|,27/28,,Чоп,Київ-Пас.,both,2026-09-29 09:53:18,2026-09-29 09:53:18,1,74,74,74,В дорозі,Висока,,6,5,0,1,2026-09-29 16:40:57,74,,74,absent_15.4h_over_3_runs,0
95/96|Рахів|Київ-Пас.|@20260929-0953,95/96|Рахів|Київ-Пас.|,95/96,,Рахів,Київ-Пас.,both,2026-09-29 09:53:18,2026-09-29 09:53:18,1,74,74,74,В дорозі,Висока,,11,10,0,1,2026-09-29 16:40:57,74,,74,absent_15.4h_over_3_runs,0
53/54|Дніпро-Головний|Одеса-Головна|@20260929-0953,53/54|Дніпро-Головний|Одеса-Головна|,53/54,,Дніпро-Головний,Одеса-Головна,both,2026-09-29 09:53:18,2026-09-29 09:53:18,1,71,71,71,В дорозі,Висока,,12,11,0,1,2026-09-29 16:40:57,71,,32,absent_15.4h_over_3_runs,0
253/254|Кривий Ріг-Головний|Одеса-Головна|@20260929-0953,253/254|Кривий Ріг-Головний|Одеса-Головна|,253/254,,Кривий Ріг-Головний,Одеса-Головна,both,2026-09-29 09:53:18,2026-09-29 09:53:18,1,71,71,71,В дорозі,Висока,,11,10,0,1,2026-09-29 16:40:57,71,,32,first_seen,0
51/52|Перемишль|Київ-Пас.|@20260929-0953,51/52|Перемишль|Київ-Пас.|,51/52,,Перемишль,Київ-Пас.,both,2026-09-29 09:53:18,2026-09-29 09:53:18,1,68,68,68,В дорозі,Висока,,3,2,0,1,2026-09-29 16:40:57,68,,5,absent_15.4h_over_3_runs,0
749/750|Ужгород|Київ-Пас.|@20260929-0953,749/750|Ужгород|Київ-Пас.|,749/750,,Ужгород,Київ-Пас.,both,2026-09-29 09:53:18,2026-09-29 16:40:57,2,114,114,57,В дорозі,Висока,,14,13,0,1,2026-09-29 21:52:24,114,,103,absent_5.8h_over_1_runs,1
77/78|Одеса-Головна|Ковель-Пас.|@20260929-0953,77/78|Одеса-Головна|Ковель-Пас.|,77/78,,Одеса-Головна,Ковель-Пас.,both,2026-09-29 09:53:18,2026-09-29 09:53:18,1,53,53,53,В дорозі,Висока,,31,26,0,1,2026-09-29 16:40:57,53,,58,first_seen,0
237/238|Ужгород|Київ-Пас.|@20260929-0953,237/238|Ужгород|Київ-Пас.|,237/238,,Ужгород,Київ-Пас.,both,2026-09-29 09:53:18,2026-09-29 09:53:18,1,45,45,45,В дорозі,Висока,,20,18,0,1,2026-09-29 16:40:57,45,,45,first_seen,0
13/14|Солотвино-1|Київ-Пас.|@20260929-0953,13/14|Солотвино-1|Київ-Пас.|,13/14,,Солотвино-1,Київ-Пас.,both,2026-09-29 09:53:18,2026-09-29 09:53:18,1,45,45,45,В дорозі,Висока,,29,27,0,1,2026-09-29 16:40:57,45,,45,absent_15.4h_over_3_runs,0
43/44|Івано-Франківськ|Черкаси|@20260929-0953,43/44|Івано-Франківськ|Черкаси|,43/44,,Івано-Франківськ,Черкаси,transit,2026-09-29 09:53:18,2026-09-29 09:53:18,1,42,42,42,В дорозі,Висока,,13,12,0,1,2026-09-29 16:40:57,42,,52,absent_15.4h_over_3_runs,0
39/40|Запоріжжя-1|Солотвино-1|@20260929-0953,39/40|Запоріжжя-1|Солотвино-1|,39/40,,Запоріжжя-1,Солотвино-1,transit,2026-09-29 09:53:18,2026-09-29 09:53:18,1,41,41,41,В дорозі,Висока,,32,15,0,1,2026-09-29 16:40:57,41,,40,first_seen,0
21/22|Харків-Пас.|Львів|@20260929-0953,21/22|Харків-Пас.|Львів|,21/22,,Харків-Пас.,Львів,both,2026-09-29 09:53:18,2026-09-29 09:53:18,1,40,40,40,В дорозі,Висока,,14,10,0,1,2026-09-29 16:40:57,40,,40,absent_15.4h_over_3_runs,0
41/42|Трускавець|Дніпро-Головний|@20260929-0953,41/42|Трускавець|Дніпро-Головний|,41/42,,Трускавець,Дніпро-Головний,both,2026-09-29 09:53:18,2026-09-29 09:53:18,1,36,36,36,В дорозі,Висока,,29,28,0,1,2026-09-29 16:40:57,36,,35,absent_15.4h_over_3_runs,0
285/286|Львів|Дніпро-Головний|@20260929-0953,285/286|Львів|Дніпро-Головний|,285/286,,Львів,Дніпро-Головний,both,2026-09-29 09:53:18,2026-09-29 09:53:18,1,36,36,36,В дорозі,Висока,,27,26,0,1,2026-09-29 16:40:57,36,,35,absent_15.4h_over_3_runs,0
743/744|Дарниця|Львів|@20260929-1640,743/744|Дарниця|Львів|,743/744,,Дарниця,Львів,both,2026-09-29 16:40:57,2026-09-29 16:40:57,1,393,393,393,В дорозі,Висока,,6,3,0,1,2026-09-29 21:52:24,393,,277,first_seen,0
63/64|Харків-Пас.|Перемишль|@20260929-1640,63/64|Харків-Пас.|Перемишль|,63/64,,Харків-Пас.,Перемишль,both,2026-09-29 16:40:57,2026-09-29 21:52:24,2,362,362,321,В дорозі,Висока,,12,11,0,1,2026-09-30 01:48:08,362,,360,absent_16.4h_over_3_runs,1
79/80|Дніпро-Головний|Львів|@20260929-1640,79/80|Дніпро-Головний|Львів|,79/80,,Дніпро-Головний,Львів,both,2026-09-29 16:40:57,2026-09-29 16:40:57,1,259,259,259,В дорозі,Висока,,16,12,0,1,2026-09-29 21:52:24,259,,248,first_seen,0
121/122|Миколаїв Пас.|Київ-Пас.|@20260929-1640,121/122|Миколаїв Пас.|Київ-Пас.|,121/122,,Миколаїв Пас.,Київ-Пас.,both,2026-09-29 16:40:57,2026-09-29 21:52:24,2,199,231,199,В дорозі,Висока,,16,15,0,1,2026-09-30 01:48:08,199,,233,absent_6.8h_over_1_runs,1
773/774|Жмеринка-Пас.|Конотоп-Пас.|@20260929-1640,773/774|Жмеринка-Пас.|Конотоп-Пас.|,773/774,,Жмеринка-Пас.,Конотоп-Пас.,transit,2026-09-29 16:40:57,2026-09-29 16:40:57,1,215,215,215,В дорозі,Висока,,17,11,0,1,2026-09-29 21:52:24,215,,231,absent_16.4h_over_3_runs,0
119/120|Дніпро-Головний|Хелм|@20260929-1640,119/120|Дніпро-Головний|Хелм|,119/120,,Дніпро-Головний,Хелм,both,2026-09-29 16:40:57,2026-09-29 21:52:24,2,200,209,200,В дорозі,Висока,,14,13,0,1,2026-09-30 01:48:08,200,,224,absent_16.4h_over_3_runs,1
9/10|Київ-Пас.|Будапешт-Келеті|@20260929-1640,9/10|Київ-Пас.|Будапешт-Келеті|,9/10,,Київ-Пас.,Будапешт-Келеті,both,2026-09-29 16:40:57,2026-09-30 10:28:01,5,459,459,205,В дорозі,Середня,,4,1,0,1,2026-09-30 17:02:29,459,,455,absent_6.8h_over_1_runs,1
705/706|Перемишль|Київ-Пас.|@20260929-1640,705/706|Перемишль|Київ-Пас.|,705/706,,Перемишль,Київ-Пас.,both,2026-09-29 16:40:57,2026-09-29 21:52:24,2,324,324,192,В дорозі,Висока,,8,7,0,1,2026-09-30 01:48:08,324,,298,absent_16.4h_over_3_runs,1
99/100|Київ-Пас.|Бухарест|@20260929-1640,99/100|Київ-Пас.|Бухарест|,99/100,,Київ-Пас.,Бухарест,both,2026-09-29 16:40:57,2026-09-29 16:40:57,1,180,180,180,В дорозі,Висока,,8,7,0,1,2026-09-29 21:52:24,180,,187,first_seen,0
141/142|Чернігів|Ясіня|@20260929-1640,141/142|Чернігів|Ясіня|,141/142,,Чернігів,Ясіня,transit,2026-09-29 16:40:57,2026-09-30 10:28:01,5,398,398,170,В дорозі,Висока,,12,6,0,1,2026-09-30 17:02:29,398,,309,absent_22.2h_over_4_runs,1
715/716|Київ-Пас.|Перемишль|@20260929-1640,715/716|Київ-Пас.|Перемишль|,715/716,,Київ-Пас.,Перемишль,both,2026-09-29 16:40:57,2026-09-29 21:52:24,2,184,184,159,В дорозі,Висока,,8,7,0,1,2026-09-30 01:48:08,184,,186,absent_16.4h_over_3_runs,1
17/18|Харків-Пас.|Ужгород|@20260929-1640,17/18|Харків-Пас.|Ужгород|,17/18,,Харків-Пас.,Ужгород,both,2026-09-29 16:40:57,2026-09-30 17:02:29,6,383,383,150,В дорозі,Висока,,14,14,1,1,2026-09-30 22:01:58,383,383,395,absent_16.4h_over_3_runs,1
39/40|Солотвино-1|Запоріжжя-1|@20260929-1640,39/40|Солотвино-1|Запоріжжя-1|,39/40,,Солотвино-1,Запоріжжя-1,transit,2026-09-29 16:40:57,2026-09-30 10:28:01,5,347,347,115,В дорозі,Висока,,31,30,0,1,2026-09-30 17:02:29,347,,227,absent_30.4h_over_5_runs,1
119/120|Хелм|Дніпро-Головний|@20260929-1640,119/120|Хелм|Дніпро-Головний|,119/120,,Хелм,Дніпро-Головний,both,2026-09-29 16:40:57,2026-09-30 10:28:01,5,430,430,130,В дорозі,Висока,,14,9,0,1,2026-09-30 17:02:29,430,,310,absent_6.8h_over_1_runs,1
9/10|Будапешт-Келеті|Київ-Пас.|@20260929-1640,9/10|Будапешт-Келеті|Київ-Пас.|,9/10,,Будапешт-Келеті,Київ-Пас.,both,2026-09-29 16:40:57,2026-09-29 21:52:24,2,143,143,111,В дорозі,Висока,,8,7,0,1,2026-09-30 01:48:08,143,,150,absent_38.7h_over_7_runs,1
177/178|Івано-Франківськ|Київ-Пас.|@20260929-1640,177/178|Івано-Франківськ|Київ-Пас.|,177/178,,Івано-Франківськ,Київ-Пас.,both,2026-09-29 16:40:57,2026-09-29 21:52:24,2,192,192,111,В дорозі,Висока,,5,4,0,1,2026-09-30 01:48:08,192,,150,absent_16.4h_over_3_runs,1
749/750|Київ-Пас.|Ужгород|@20260929-1640,749/750|Київ-Пас.|Ужгород|,749/750,,Київ-Пас.,Ужгород,both,2026-09-29 16:40:57,2026-09-30 01:48:08,3,119,119,87,В дорозі,Висока,,9,7,0,1,2026-09-30 04:37:45,119,,125,absent_6.8h_over_1_runs,1
5/6|Ясіня|Запоріжжя-1|@20260929-1640,5/6|Ясіня|Запоріжжя-1|,5/6,,Ясіня,Запоріжжя-1,transit,2026-09-29 16:40:57,2026-09-30 10:28:01,5,373,373,66,В дорозі,Висока,,20,19,0,1,2026-09-30 17:02:29,373,,253,absent_6.8h_over_1_runs,1
143/144|Рахів|Суми|@20260929-1640,143/144|Рахів|Суми|,143/144,,Рахів,Суми,transit,2026-09-29 16:40:57,2026-09-30 04:37:45,4,90,91,68,В дорозі,Висока,,28,18,0,1,2026-09-30 10:28:01,90,,102,absent_22.2h_over_4_runs,1
771/772|Хмельницький|Київ-Пас.|@20260929-1640,771/772|Хмельницький|Київ-Пас.|,771/772,,Хмельницький,Київ-Пас.,both,2026-09-29 16:40:57,2026-09-29 16:40:57,1,48,48,48,В дорозі,Висока,,12,9,0,1,2026-09-29 21:52:24,48,,48,absent_16.4h_over_3_runs,0
63/64|Перемишль|Харків-Пас.|@20260929-1640,63/64|Перемишль|Харків-Пас.|,63/64,,Перемишль,Харків-Пас.,both,2026-09-29 16:40:57,2026-09-30 04:37:45,4,87,130,43,В дорозі,Висока,,13,11,0,1,2026-09-30 10:28:01,87,,131,absent_6.8h_over_1_runs,1
41/42|Трускавець|Дніпро-Головний|@20260929-1640,41/42|Трускавець|Дніпро-Головний|,41/42,,Трускавець,Дніпро-Головний,both,2026-09-29 16:40:57,2026-09-30 10:28:01,5,340,340,23,В дорозі,Висока,,30,19,0,1,2026-09-30 17:02:29,340,,217,route_reset_28->2,1
743/744|Львів|Дарниця|@20260929-2152,743/744|Львів|Дарниця|,743/744,,Львів,Дарниця,both,2026-09-29 21:52:24,2026-09-30 04:37:45,3,417,417,304,В дорозі,Висока,,7,5,0,1,2026-09-30 17:02:29,417,,351,first_seen,0
31/32|Запоріжжя-1|Перемишль|@20260929-2152,31/32|Запоріжжя-1|Перемишль|,31/32,,Запоріжжя-1,Перемишль,transit,2026-09-29 21:52:24,2026-09-30 17:02:29,5,827,827,255,В дорозі,Висока,,17,15,0,1,2026-09-30 22:01:58,827,,816,absent_5.2h_over_1_runs,1
3/4|Дніпро-Головний|Ужгород|29.09@20260929-2152,3/4|Дніпро-Головний|Ужгород|29.09,3/4,29.09,Дніпро-Головний,Ужгород,both,2026-09-29 21:52:24,2026-09-30 17:02:29,5,824,824,255,В дорозі,Висока,,20,13,0,1,2026-09-30 22:01:58,824,,816,first_seen,1
93/94|Харків-Пас.|Хелм|@20260929-2152,93/94|Харків-Пас.|Хелм|,93/94,,Харків-Пас.,Хелм,both,2026-09-29 21:52:24,2026-09-30 17:02:29,5,310,327,231,В дорозі,Висока,,12,11,0,1,2026-09-30 22:01:58,310,,341,absent_5.2h_over_1_runs,1
293/294|Рахів|Кривий Ріг-Головний|@20260929-2152,293/294|Рахів|Кривий Ріг-Головний|,293/294,,Рахів,Кривий Ріг-Головний,transit,2026-09-29 21:52:24,2026-09-30 17:02:29,5,515,515,133,В дорозі,Висока,,18,16,0,1,2026-09-30 22:01:58,515,,491,absent_27.4h_over_5_runs,1
773/774|Конотоп-Пас.|Жмеринка-Пас.|@20260929-2152,773/774|Конотоп-Пас.|Жмеринка-Пас.|,773/774,,Конотоп-Пас.,Жмеринка-Пас.,transit,2026-09-29 21:52:24,2026-09-30 01:48:08,2,163,163,146,В дорозі,Висока,,17,16,0,1,2026-09-30 04:37:45,163,,179,absent_12.0h_over_2_runs,0
79/80|Львів|Дніпро-Головний|@20260929-2152,79/80|Львів|Дніпро-Головний|,79/80,,Львів,Дніпро-Головний,both,2026-09-29 21:52:24,2026-09-30 17:02:29,5,666,666,122,В дорозі,Висока,,16,14,0,1,2026-09-30 22:01:58,666,,649,absent_12.0h_over_2_runs,1
87/88|Дніпро-Головний|Ковель-Пас.|@20260929-2152,87/88|Дніпро-Головний|Ковель-Пас.|,87/88,,Дніпро-Головний,Ковель-Пас.,both,2026-09-29 21:52:24,2026-09-30 17:02:29,5,418,418,116,В дорозі,Висока,,31,30,0,1,2026-09-30 22:01:58,418,,426,absent_27.4h_over_5_runs,1
127/128|Дніпро-Головний|Львів|@20260929-2152,127/128|Дніпро-Головний|Львів|,127/128,,Дніпро-Головний,Львів,both,2026-09-29 21:52:24,2026-09-30 10:28:01,4,276,276,79,В дорозі,Висока,,29,24,0,1,2026-09-30 17:02:29,276,,302,absent_27.4h_over_5_runs,1
207/208|Харків-Пас.|Одеса-Головна|@20260929-2152,207/208|Харків-Пас.|Одеса-Головна|,207/208,,Харків-Пас.,Одеса-Головна,both,2026-09-29 21:52:24,2026-09-30 17:02:29,5,709,709,67,В дорозі,Висока,,7,6,0,1,2026-09-30 22:01:58,709,,703,first_seen,1
85/86|Львів|Дніпро-Головний|@20260929-2152,85/86|Львів|Дніпро-Головний|,85/86,,Львів,Дніпро-Головний,both,2026-09-29 21:52:24,2026-09-30 10:28:01,4,373,373,66,В дорозі,Висока,,12,7,0,1,2026-09-30 17:02:29,373,,253,absent_12.0h_over_2_runs,1
705/706|Київ-Пас.|Перемишль|@20260929-2152,705/706|Київ-Пас.|Перемишль|,705/706,,Київ-Пас.,Перемишль,both,2026-09-29 21:52:24,2026-09-30 04:37:45,3,98,101,64,В дорозі,Висока,,8,7,0,1,2026-09-30 10:28:01,98,,107,absent_12.0h_over_2_runs,0
103/104|Берестин|Львів|@20260929-2152,103/104|Берестин|Львів|,103/104,,Берестин,Львів,both,2026-09-29 21:52:24,2026-09-30 10:28:01,4,216,251,57,В дорозі,Висока,,19,16,0,1,2026-09-30 17:02:29,216,,272,absent_12.0h_over_2_runs,1
55/56|Рахів|Київ-Пас.|@20260929-2152,55/56|Рахів|Київ-Пас.|,55/56,,Рахів,Київ-Пас.,both,2026-09-29 21:52:24,2026-09-30 04:37:45,3,24,50,24,В дорозі,Висока,,21,16,0,1,2026-09-30 10:28:01,24,,61,absent_5.2h_over_1_runs,0
131/132|Мукачево|Кременчук-Пас.|@20260929-2152,131/132|Мукачево|Кременчук-Пас.|,131/132,,Мукачево,Кременчук-Пас.,transit,2026-09-29 21:52:24,2026-09-30 10:28:01,3,84,84,34,В дорозі,Висока,,21,17,0,1,2026-09-30 17:02:29,84,,82,absent_27.4h_over_5_runs,1
129/130|Мукачево|Полтава-Півд.|@20260929-2152,129/130|Мукачево|Полтава-Півд.|,129/130,,Мукачево,Полтава-Півд.,both,2026-09-29 21:52:24,2026-09-30 10:28:01,3,84,84,34,В дорозі,Висока,,20,17,0,1,2026-09-30 17:02:29,84,,82,absent_27.4h_over_5_runs,1
57/58|Ясіня|Київ-Пас.|@20260929-2152,57/58|Ясіня|Київ-Пас.|,57/58,,Ясіня,Київ-Пас.,both,2026-09-29 21:52:24,2026-09-30 01:48:08,2,18,21,18,В дорозі,Висока,,21,17,0,1,2026-09-30 04:37:45,18,,99,absent_27.4h_over_5_runs,0
1/2|Рахів|Харків-Пас.|@20260929-2152,1/2|Рахів|Харків-Пас.|,1/2,,Рахів,Харків-Пас.,both,2026-09-29 21:52:24,2026-09-30 10:28:01,3,120,120,20,В дорозі,Висока,,13,12,0,1,2026-09-30 17:02:29,120,,87,absent_5.2h_over_1_runs,1
61/62|Дніпро-Головний|Івано-Франківськ|@20260929-2152,61/62|Дніпро-Головний|Івано-Франківськ|,61/62,,Дніпро-Головний,Івано-Франківськ,both,2026-09-29 21:52:24,2026-09-30 10:28:01,4,192,192,16,В дорозі,Висока,,14,13,0,1,2026-09-30 17:02:29,192,,192,absent_35.6h_over_6_runs,1
261/262|Дніпро-Головний|Чернівці|@20260929-2152,261/262|Дніпро-Головний|Чернівці|,261/262,,Дніпро-Головний,Чернівці,both,2026-09-29 21:52:24,2026-09-30 10:28:01,4,192,192,16,В дорозі,Висока,,17,13,0,1,2026-09-30 17:02:29,192,,192,absent_27.4h_over_5_runs,1
93/94|Хелм|Харків-Пас.|@20260930-0148,93/94|Хелм|Харків-Пас.|,93/94,,Хелм,Харків-Пас.,both,2026-09-30 01:48:08,2026-09-30 17:02:29,4,270,270,149,В дорозі,Висока,,13,12,0,1,2026-09-30 22:01:58,270,,273,absent_9.1h_over_2_runs,1
41/42|Дніпро-Головний|Трускавець|@20260930-0148,41/42|Дніпро-Головний|Трускавець|,41/42,,Дніпро-Головний,Трускавець,both,2026-09-30 01:48:08,2026-09-30 10:28:01,3,289,289,155,В дорозі,Висока,,30,28,0,1,2026-09-30 22:01:58,289,,295,absent_9.1h_over_2_runs,1
285/286|Дніпро-Головний|Львів|@20260930-0148,285/286|Дніпро-Головний|Львів|,285/286,,Дніпро-Головний,Львів,both,2026-09-30 01:48:08,2026-09-30 10:28:01,3,289,289,155,В дорозі,Висока,,28,21,0,1,2026-09-30 22:01:58,289,,295,absent_9.1h_over_2_runs,1
233/234|Чернівці|Кривий Ріг-Головний|@20260930-0148,233/234|Чернівці|Кривий Ріг-Головний|,233/234,,Чернівці,Кривий Ріг-Головний,transit,2026-09-30 01:48:08,2026-09-30 17:02:29,4,515,515,133,В дорозі,Висока,,13,11,0,1,2026-09-30 22:01:58,515,,491,absent_31.3h_over_6_runs,1
23/24|Хелм|Київ-Пас.|@20260930-0148,23/24|Хелм|Київ-Пас.|,23/24,,Хелм,Київ-Пас.,both,2026-09-30 01:48:08,2026-09-30 10:28:01,3,388,388,133,В дорозі,Висока,,7,5,0,1,2026-09-30 17:02:29,388,,344,absent_9.1h_over_2_runs,1
121/122|Київ-Пас.|Миколаїв Пас.|@20260930-0148,121/122|Київ-Пас.|Миколаїв Пас.|,121/122,,Київ-Пас.,Миколаїв Пас.,both,2026-09-30 01:48:08,2026-09-30 17:02:29,4,653,653,132,В дорозі,Висока,,20,18,0,1,2026-09-30 22:01:58,653,,653,absent_15.9h_over_3_runs,1
43/44|Черкаси|Івано-Франківськ|@20260930-0148,43/44|Черкаси|Івано-Франківськ|,43/44,,Черкаси,Івано-Франківськ,transit,2026-09-30 01:48:08,2026-09-30 10:28:01,3,300,300,125,В дорозі,Висока,,14,7,0,1,2026-09-30 17:02:29,300,,303,absent_9.1h_over_2_runs,1
37/38|Київ-Пас.|Запоріжжя-1|@20260930-0148,37/38|Київ-Пас.|Запоріжжя-1|,37/38,,Київ-Пас.,Запоріжжя-1,both,2026-09-30 01:48:08,2026-09-30 17:02:29,4,697,697,108,В дорозі,Висока,,14,11,0,1,2026-10-01 01:53:05,697,,685,absent_15.9h_over_3_runs,1
95/96|Київ-Пас.|Рахів|@20260930-0148,95/96|Київ-Пас.|Рахів|,95/96,,Київ-Пас.,Рахів,both,2026-09-30 01:48:08,2026-09-30 10:28:01,3,105,113,102,В дорозі,Висока,,9,7,0,1,2026-09-30 17:02:29,105,,113,absent_9.1h_over_2_runs,1
7/8|Київ-Пас.|Чернівці|@20260930-0148,7/8|Київ-Пас.|Чернівці|,7/8,,Київ-Пас.,Чернівці,both,2026-09-30 01:48:08,2026-09-30 10:28:01,3,157,157,101,В дорозі,Висока,,7,6,0,1,2026-09-30 17:02:29,157,,162,absent_9.1h_over_2_runs,1
207/208|Київ-Пас.|Івано-Франківськ|@20260930-0148,207/208|Київ-Пас.|Івано-Франківськ|,207/208,,Київ-Пас.,Івано-Франківськ,both,2026-09-30 01:48:08,2026-09-30 04:37:45,2,111,111,101,В дорозі,Висока,,4,3,0,1,2026-09-30 10:28:01,111,,84,absent_15.9h_over_3_runs,0
49/50|Київ-Пас.|Трускавець|@20260930-0148,49/50|Київ-Пас.|Трускавець|,49/50,,Київ-Пас.,Трускавець,both,2026-09-30 01:48:08,2026-09-30 04:37:45,2,113,113,93,В дорозі,Висока,,4,2,0,1,2026-09-30 10:28:01,113,,72,absent_9.1h_over_2_runs,0
29/30|Київ-Пас.|Ужгород|@20260930-0148,29/30|Київ-Пас.|Ужгород|,29/30,,Київ-Пас.,Ужгород,both,2026-09-30 01:48:08,2026-09-30 10:28:01,3,130,130,90,В дорозі,Висока,,8,8,1,1,2026-09-30 17:02:29,130,132,133,absent_9.1h_over_2_runs,1
27/28|Київ-Пас.|Чоп|@20260930-0148,27/28|Київ-Пас.|Чоп|,27/28,,Київ-Пас.,Чоп,both,2026-09-30 01:48:08,2026-09-30 04:37:45,2,120,120,90,В дорозі,Висока,,5,3,0,1,2026-09-30 10:28:01,120,,9,absent_9.1h_over_2_runs,0
51/52|Київ-Пас.|Перемишль|@20260930-0148,51/52|Київ-Пас.|Перемишль|,51/52,,Київ-Пас.,Перемишль,both,2026-09-30 01:48:08,2026-09-30 04:37:45,2,113,113,88,В дорозі,Висока,,4,3,0,1,2026-09-30 10:28:01,113,,4,absent_15.9h_over_3_runs,0
59/60|Київ-Пас.|Чоп|@20260930-0148,59/60|Київ-Пас.|Чоп|,59/60,,Київ-Пас.,Чоп,both,2026-09-30 01:48:08,2026-09-30 10:28:01,3,96,96,87,В дорозі,Висока,,25,19,0,1,2026-09-30 17:02:29,96,,126,absent_9.1h_over_2_runs,1
57/58|Київ-Пас.|Ясіня|@20260930-0148,57/58|Київ-Пас.|Ясіня|,57/58,,Київ-Пас.,Ясіня,both,2026-09-30 01:48:08,2026-09-30 10:28:01,3,30,89,30,В дорозі,Висока,,23,18,0,1,2026-09-30 17:02:29,30,,93,absent_9.1h_over_2_runs,1
37/38|Запоріжжя-1|Київ-Пас.|@20260930-0148,37/38|Запоріжжя-1|Київ-Пас.|,37/38,,Запоріжжя-1,Київ-Пас.,both,2026-09-30 01:48:08,2026-09-30 17:02:29,4,660,660,81,В дорозі,Висока,,10,9,0,1,2026-09-30 22:01:58,660,,634,absent_39.5h_over_7_runs,1
85/86|Дніпро-Головний|Львів|@20260930-0148,85/86|Дніпро-Головний|Львів|,85/86,,Дніпро-Головний,Львів,both,2026-09-30 01:48:08,2026-09-30 04:37:45,2,78,78,68,В дорозі,Висока,,10,9,0,1,2026-09-30 10:28:01,78,,86,absent_15.9h_over_3_runs,0
5/6|Запоріжжя-1|Ясіня|@20260930-0148,5/6|Запоріжжя-1|Ясіня|,5/6,,Запоріжжя-1,Ясіня,transit,2026-09-30 01:48:08,2026-09-30 10:28:01,3,162,162,68,В дорозі,Висока,,17,13,0,1,2026-09-30 22:01:58,162,,137,absent_9.1h_over_2_runs,1
23/24|Київ-Пас.|Хелм|@20260930-0148,23/24|Київ-Пас.|Хелм|,23/24,,Київ-Пас.,Хелм,both,2026-09-30 01:48:08,2026-09-30 04:37:45,2,68,68,66,В дорозі,Висока,,5,3,0,1,2026-09-30 10:28:01,68,,69,absent_9.1h_over_2_runs,0
113/114|Ужгород|Харків-Пас.|@20260930-0148,113/114|Ужгород|Харків-Пас.|,113/114,,Ужгород,Харків-Пас.,both,2026-09-30 01:48:08,2026-09-30 04:37:45,2,103,103,59,В дорозі,Висока,,42,40,0,1,2026-09-30 10:28:01,103,,99,absent_31.3h_over_6_runs,0
75/76|Київ-Пас.|Кривий Ріг-Головний|@20260930-0148,75/76|Київ-Пас.|Кривий Ріг-Головний|,75/76,,Київ-Пас.,Кривий Ріг-Головний,both,2026-09-30 01:48:08,2026-09-30 10:28:01,3,359,359,54,В дорозі,Висока,,10,7,0,1,2026-09-30 17:02:29,359,,243,absent_15.9h_over_3_runs,1
791/792|Кременчук-Пас.|Київ-Пас.|@20260930-0148,791/792|Кременчук-Пас.|Київ-Пас.|,791/792,,Кременчук-Пас.,Київ-Пас.,both,2026-09-30 01:48:08,2026-09-30 10:28:01,3,405,405,54,В дорозі,Висока,,8,5,0,1,2026-09-30 17:02:29,405,,285,first_seen,1
31/32|Перемишль|Запоріжжя-1|@20260930-0148,31/32|Перемишль|Запоріжжя-1|,31/32,,Перемишль,Запоріжжя-1,transit,2026-09-30 01:48:08,2026-09-30 17:02:29,4,411,411,46,В дорозі,Висока,,16,12,0,1,2026-09-30 22:01:58,411,,406,absent_9.1h_over_2_runs,1
3/4|Ужгород|Дніпро-Головний|@20260930-0148,3/4|Ужгород|Дніпро-Головний|,3/4,,Ужгород,Дніпро-Головний,both,2026-09-30 01:48:08,2026-09-30 17:02:29,4,411,411,44,В дорозі,Висока,,20,18,0,1,2026-09-30 22:01:58,411,,406,absent_9.1h_over_2_runs,1
63/64|Харків-Пас.|Перемишль|29.09@20260930-0148,63/64|Харків-Пас.|Перемишль|29.09,63/64,29.09,Харків-Пас.,Перемишль,both,2026-09-30 01:48:08,2026-09-30 04:37:45,2,2,42,2,В дорозі,Висока,,12,6,0,1,2026-09-30 10:28:01,2,,63,first_seen,0
105/106|Київ-Пас.|Одеса-Головна|@20260930-0148,105/106|Київ-Пас.|Одеса-Головна|,105/106,,Київ-Пас.,Одеса-Головна,both,2026-09-30 01:48:08,2026-09-30 04:37:45,2,29,41,29,В дорозі,Висока,,12,8,0,1,2026-09-30 10:28:01,29,,46,absent_9.1h_over_2_runs,0
21/22|Львів|Харків-Пас.|@20260930-0148,21/22|Львів|Харків-Пас.|,21/22,,Львів,Харків-Пас.,both,2026-09-30 01:48:08,2026-09-30 04:37:45,2,50,50,40,В дорозі,Висока,,17,14,0,1,2026-09-30 10:28:01,50,,55,absent_31.3h_over_6_runs,0
91/92|Київ-Пас.|Львів|@20260930-0148,91/92|Київ-Пас.|Львів|,91/92,,Київ-Пас.,Львів,both,2026-09-30 01:48:08,2026-09-30 04:37:45,2,145,145,40,В дорозі,Висока,,4,2,0,1,2026-09-30 10:28:01,145,,51,absent_15.9h_over_3_runs,0
285/286|Львів|Дніпро-Головний|@20260930-0148,285/286|Львів|Дніпро-Головний|,285/286,,Львів,Дніпро-Головний,both,2026-09-30 01:48:08,2026-09-30 17:02:29,4,589,589,33,В дорозі,Висока,,28,23,0,1,2026-09-30 22:01:58,589,,559,absent_9.1h_over_2_runs,1
715/716|Перемишль|Київ-Пас.|@20260930-0437,715/716|Перемишль|Київ-Пас.|,715/716,,Перемишль,Київ-Пас.,both,2026-09-30 04:37:45,2026-09-30 10:28:01,2,176,176,171,В дорозі,Висока,,4,0,0,1,2026-09-30 17:02:29,176,,,absent_42.4h_over_8_runs,1
109/110|Львів|Миколаїв Пас.|@20260930-0437,109/110|Львів|Миколаїв Пас.|,109/110,,Львів,Миколаїв Пас.,both,2026-09-30 04:37:45,2026-09-30 17:02:29,3,515,515,169,В дорозі,Висока,,27,24,0,1,2026-09-30 22:01:58,515,,534,absent_34.1h_over_7_runs,1
139/140|Київ-Пас.|Кам'янець-Подільський|@20260930-0437,139/140|Київ-Пас.|Кам'янець-Подільський|,139/140,,Київ-Пас.,Кам'янець-Подільський,both,2026-09-30 04:37:45,2026-09-30 10:28:01,2,175,175,166,В дорозі,Висока,,15,13,0,1,2026-09-30 17:02:29,175,,179,absent_34.1h_over_7_runs,1
89/90|Київ-Пас.|Перемишль|@20260930-0437,89/90|Київ-Пас.|Перемишль|,89/90,,Київ-Пас.,Перемишль,both,2026-09-30 04:37:45,2026-09-30 10:28:01,2,148,165,148,В дорозі,Висока,,10,9,0,1,2026-09-30 17:02:29,148,,175,first_seen,1
15/16|Чернівці|Харків-Пас.|@20260930-0437,15/16|Чернівці|Харків-Пас.|,15/16,,Чернівці,Харків-Пас.,both,2026-09-30 04:37:45,2026-09-30 10:28:01,2,271,271,152,В дорозі,Висока,,15,13,0,1,2026-09-30 17:02:29,271,,218,absent_34.1h_over_7_runs,1
51/52|Перемишль|Київ-Пас.|@20260930-0437,51/52|Перемишль|Київ-Пас.|,51/52,,Перемишль,Київ-Пас.,both,2026-09-30 04:37:45,2026-09-30 10:28:01,2,148,148,105,В дорозі,Висока,,3,2,0,1,2026-09-30 17:02:29,148,,110,absent_11.9h_over_3_runs,1
81/82|Київ-Пас.|Ужгород|@20260930-0437,81/82|Київ-Пас.|Ужгород|,81/82,,Київ-Пас.,Ужгород,both,2026-09-30 04:37:45,2026-09-30 10:28:01,2,63,63,48,В дорозі,Висока,,13,8,0,1,2026-09-30 17:02:29,63,,64,absent_6.8h_over_2_runs,1
53/54|Дніпро-Головний|Одеса-Головна|@20260930-0437,53/54|Дніпро-Головний|Одеса-Головна|,53/54,,Дніпро-Головний,Одеса-Головна,both,2026-09-30 04:37:45,2026-09-30 10:28:01,2,163,163,37,В дорозі,Висока,,13,12,0,1,2026-09-30 17:02:29,163,,238,absent_11.9h_over_3_runs,1
69/70|Перемишль|Кременчук-Пас.|@20260930-0437,69/70|Перемишль|Кременчук-Пас.|,69/70,,Перемишль,Кременчук-Пас.,transit,2026-09-30 04:37:45,2026-09-30 10:28:01,2,84,84,37,В дорозі,Висока,,15,11,0,1,2026-09-30 17:02:29,84,,82,absent_34.1h_over_7_runs,1
75/76|Кривий Ріг-Головний|Київ-Пас.|@20260930-0437,75/76|Кривий Ріг-Головний|Київ-Пас.|,75/76,,Кривий Ріг-Головний,Київ-Пас.,both,2026-09-30 04:37:45,2026-09-30 10:28:01,2,407,407,36,В дорозі,Висока,,8,7,0,1,2026-09-30 17:02:29,407,,287,first_seen,1
77/78|Ковель-Пас.|Одеса-Головна|@20260930-0437,77/78|Ковель-Пас.|Одеса-Головна|,77/78,,Ковель-Пас.,Одеса-Головна,both,2026-09-30 04:37:45,2026-09-30 04:37:45,1,34,34,34,В дорозі,Висока,,30,22,0,1,2026-09-30 10:28:01,34,,37,first_seen,0
81/82|Ужгород|Київ-Пас.|@20260930-0437,81/82|Ужгород|Київ-Пас.|,81/82,,Ужгород,Київ-Пас.,endpoint,2026-09-30 04:37:45,2026-09-30 04:37:45,1,33,33,33,В дорозі,Висока,,0,0,0,1,2026-09-30 10:28:01,33,,,absent_34.1h_over_7_runs,0
789/790|Кропивницький|Київ-Пас.|@20260930-1028,789/790|Кропивницький|Київ-Пас.|,789/790,,Кропивницький,Київ-Пас.,both,2026-09-30 10:28:01,2026-09-30 10:28:01,1,405,405,405,В дорозі,Висока,,7,4,0,1,2026-09-30 17:02:29,405,,285,first_seen,0
79/80|Дніпро-Головний|Львів|@20260930-1028,79/80|Дніпро-Головний|Львів|,79/80,,Дніпро-Головний,Львів,both,2026-09-30 10:28:01,2026-09-30 10:28:01,1,369,369,369,В дорозі,Висока,,15,11,0,1,2026-09-30 17:02:29,369,,225,absent_12.6h_over_3_runs,0
53/54|Одеса-Головна|Дніпро-Головний|@20260930-1028,53/54|Одеса-Головна|Дніпро-Головний|,53/54,,Одеса-Головна,Дніпро-Головний,both,2026-09-30 10:28:01,2026-09-30 10:28:01,1,276,276,276,В дорозі,Висока,,12,7,0,1,2026-09-30 17:02:29,276,,156,absent_48.2h_over_9_runs,0
253/254|Одеса-Головна|Кривий Ріг-Головний|@20260930-1028,253/254|Одеса-Головна|Кривий Ріг-Головний|,253/254,,Одеса-Головна,Кривий Ріг-Головний,both,2026-09-30 10:28:01,2026-09-30 17:02:29,2,428,428,276,В дорозі,Висока,,11,11,1,1,2026-09-30 22:01:58,428,426,476,absent_48.2h_over_9_runs,1
67/68|Київ-Пас.|Варшава Заходня|29.09@20260930-1028,67/68|Київ-Пас.|Варшава Заходня|29.09,67/68,29.09,Київ-Пас.,Варшава Заходня,endpoint,2026-09-30 10:28:01,2026-09-30 10:28:01,1,221,221,221,В дорозі,Висока,,0,0,0,1,2026-09-30 17:02:29,221,,,first_seen,0
7/8|Одеса-Головна|Харків-Пас.|@20260930-1028,7/8|Одеса-Головна|Харків-Пас.|,7/8,,Одеса-Головна,Харків-Пас.,both,2026-09-30 10:28:01,2026-09-30 17:02:29,2,580,580,159,В дорозі,Висока,,8,6,0,1,2026-09-30 22:01:58,580,,539,absent_40.0h_over_8_runs,1
147/148|Одеса-Головна|Київ-Пас.|@20260930-1028,147/148|Одеса-Головна|Київ-Пас.|,147/148,,Одеса-Головна,Київ-Пас.,both,2026-09-30 10:28:01,2026-09-30 10:28:01,1,143,143,143,В дорозі,Висока,,15,13,0,1,2026-09-30 17:02:29,143,,178,first_seen,0
21/22|Харків-Пас.|Львів|@20260930-1028,21/22|Харків-Пас.|Львів|,21/22,,Харків-Пас.,Львів,both,2026-09-30 10:28:01,2026-09-30 10:28:01,1,111,111,111,В дорозі,Висока,,19,15,0,1,2026-09-30 17:02:29,111,,87,absent_17.8h_over_4_runs,0
97/98|Київ-Пас.|Ковель-Пас.|@20260930-1028,97/98|Київ-Пас.|Ковель-Пас.|,97/98,,Київ-Пас.,Ковель-Пас.,both,2026-09-30 10:28:01,2026-09-30 10:28:01,1,111,111,111,В дорозі,Висока,,15,14,0,1,2026-09-30 17:02:29,111,,111,absent_17.8h_over_4_runs,0
27/28|Чоп|Київ-Пас.|@20260930-1028,27/28|Чоп|Київ-Пас.|,27/28,,Чоп,Київ-Пас.,both,2026-09-30 10:28:01,2026-09-30 10:28:01,1,104,104,104,В дорозі,Висока,,8,7,0,1,2026-09-30 17:02:29,104,,78,absent_17.8h_over_4_runs,0
95/96|Рахів|Київ-Пас.|@20260930-1028,95/96|Рахів|Київ-Пас.|,95/96,,Рахів,Київ-Пас.,both,2026-09-30 10:28:01,2026-09-30 10:28:01,1,104,104,104,В дорозі,Висока,,11,10,0,1,2026-09-30 17:02:29,104,,78,absent_17.8h_over_4_runs,0
731/732|Київ-Пас.|Дніпро-Головний|@20260930-1028,731/732|Київ-Пас.|Дніпро-Головний|,731/732,,Київ-Пас.,Дніпро-Головний,both,2026-09-30 10:28:01,2026-09-30 17:02:29,2,351,351,95,В дорозі,Висока,,11,8,0,1,2026-09-30 22:01:58,351,,333,first_seen,1
749/750|Ужгород|Київ-Пас.|@20260930-1028,749/750|Ужгород|Київ-Пас.|,749/750,,Ужгород,Київ-Пас.,both,2026-09-30 10:28:01,2026-09-30 17:02:29,2,124,124,83,В дорозі,Висока,,8,7,0,1,2026-09-30 22:01:58,124,,88,absent_12.6h_over_3_runs,1
43/44|Івано-Франківськ|Черкаси|@20260930-1028,43/44|Івано-Франківськ|Черкаси|,43/44,,Івано-Франківськ,Черкаси,transit,2026-09-30 10:28:01,2026-09-30 10:28:01,1,74,74,74,В дорозі,Висока,,16,15,0,1,2026-09-30 17:02:29,74,,74,absent_17.8h_over_4_runs,0
9/10|Будапешт-Келеті|Київ-Пас.|@20260930-1028,9/10|Будапешт-Келеті|Київ-Пас.|,9/10,,Будапешт-Келеті,Київ-Пас.,both,2026-09-30 10:28:01,2026-09-30 22:01:58,3,186,186,72,В дорозі,Висока,,9,8,0,1,2026-10-01 01:53:05,186,,145,absent_8.7h_over_2_runs,1
103/104|Львів|Берестин|@20260930-1028,103/104|Львів|Берестин|,103/104,,Львів,Берестин,both,2026-09-30 10:28:01,2026-09-30 10:28:01,1,60,60,60,В дорозі,Висока,,17,13,0,1,2026-09-30 17:02:29,60,,61,absent_40.0h_over_8_runs,0
63/64|Харків-Пас.|Перемишль|@20260930-1028,63/64|Харків-Пас.|Перемишль|,63/64,,Харків-Пас.,Перемишль,both,2026-09-30 10:28:01,2026-09-30 17:02:29,2,108,108,55,В дорозі,Висока,,15,14,0,1,2026-09-30 22:01:58,108,,109,absent_8.7h_over_2_runs,1
25/26|Одеса-Головна|Ясіня|@20260930-1028,25/26|Одеса-Головна|Ясіня|,25/26,,Одеса-Головна,Ясіня,both,2026-09-30 10:28:01,2026-09-30 10:28:01,1,51,51,51,В дорозі,Висока,,25,18,0,1,2026-09-30 17:02:29,51,,60,absent_48.2h_over_9_runs,0
135/136|Одеса-Головна|Чернівці|@20260930-1028,135/136|Одеса-Головна|Чернівці|,135/136,,Одеса-Головна,Чернівці,both,2026-09-30 10:28:01,2026-09-30 10:28:01,1,51,51,51,В дорозі,Висока,,22,18,0,1,2026-09-30 17:02:29,51,,60,absent_48.2h_over_9_runs,0
107/108|Солотвино-1|Київ-Пас.|@20260930-1028,107/108|Солотвино-1|Київ-Пас.|,107/108,,Солотвино-1,Київ-Пас.,both,2026-09-30 10:28:01,2026-09-30 10:28:01,1,42,42,42,В дорозі,Висока,,28,27,0,1,2026-09-30 17:02:29,42,,50,first_seen,0
721/722|Київ-Пас.|Харків-Пас.|@20260930-1028,721/722|Київ-Пас.|Харків-Пас.|,721/722,,Київ-Пас.,Харків-Пас.,both,2026-09-30 10:28:01,2026-09-30 10:28:01,1,25,25,25,В дорозі,Висока,,8,2,0,1,2026-09-30 17:02:29,25,,34,first_seen,0
119/120|Хелм|Дніпро-Головний|29.09@20260930-1702,119/120|Хелм|Дніпро-Головний|29.09,119/120,29.09,Хелм,Дніпро-Головний,endpoint,2026-09-30 17:02:29,2026-09-30 17:02:29,1,666,666,666,В дорозі,Висока,,0,0,0,1,2026-09-30 22:01:58,666,,,first_seen,0
5/6|Ясіня|Запоріжжя-1|29.09@20260930-1702,5/6|Ясіня|Запоріжжя-1|29.09,5/6,29.09,Ясіня,Запоріжжя-1,,2026-09-30 17:02:29,2026-09-30 17:02:29,1,662,662,662,В дорозі,Висока,,0,0,0,1,2026-09-30 22:01:58,662,,,first_seen,0
85/86|Львів|Дніпро-Головний|29.09@20260930-1702,85/86|Львів|Дніпро-Головний|29.09,85/86,29.09,Львів,Дніпро-Головний,endpoint,2026-09-30 17:02:29,2026-09-30 17:02:29,1,662,662,662,В дорозі,Висока,,0,0,0,1,2026-09-30 22:01:58,662,,,first_seen,0
39/40|Солотвино-1|Запоріжжя-1|@20260930-1702,39/40|Солотвино-1|Запоріжжя-1|,39/40,,Солотвино-1,Запоріжжя-1,transit,2026-09-30 17:02:29,2026-09-30 17:02:29,1,651,651,651,В дорозі,Висока,,31,26,0,1,2026-09-30 22:01:58,651,,640,route_reset_30->26,0
41/42|Трускавець|Дніпро-Головний|29.09@20260930-1702,41/42|Трускавець|Дніпро-Головний|29.09,41/42,29.09,Трускавець,Дніпро-Головний,endpoint,2026-09-30 17:02:29,2026-09-30 17:02:29,1,589,589,589,В дорозі,Висока,,0,0,0,1,2026-09-30 22:01:58,589,,,first_seen,0
121/122|Миколаїв Пас.|Київ-Пас.|30.09@20260930-1702,121/122|Миколаїв Пас.|Київ-Пас.|30.09,121/122,30.09,Миколаїв Пас.,Київ-Пас.,both,2026-09-30 17:02:29,2026-10-01 04:45:10,4,844,849,420,В дорозі,Висока,,14,13,0,1,2026-10-01 10:49:18,844,,849,first_seen,1
"749/750|Київ-Пас.|Ужгород, Відень|30.09@20260930-1702","749/750|Київ-Пас.|Ужгород, Відень|30.09",749/750,30.09,Київ-Пас.,"Ужгород, Відень",endpoint,2026-09-30 17:02:29,2026-09-30 17:02:29,1,240,240,240,Готується,Середня,,0,0,0,1,2026-09-30 22:01:58,240,,,first_seen,0
119/120|Київ-Пас.|Хелм|@20260930-1702,119/120|Київ-Пас.|Хелм|,119/120,,Київ-Пас.,Хелм,endpoint,2026-09-30 17:02:29,2026-09-30 22:01:58,2,197,197,197,В дорозі,Висока,,0,0,0,1,2026-10-01 01:53:05,197,,,first_seen,1
177/178|Івано-Франківськ|Київ-Пас.|@20260930-1702,177/178|Івано-Франківськ|Київ-Пас.|,177/178,,Івано-Франківськ,Київ-Пас.,both,2026-09-30 17:02:29,2026-09-30 22:01:58,2,184,184,156,В дорозі,Висока,,5,4,0,1,2026-10-01 01:53:05,184,,22,absent_15.2h_over_3_runs,1
45/46|Харків-Пас.|Ужгород|@20260930-1702,45/46|Харків-Пас.|Ужгород|,45/46,,Харків-Пас.,Ужгород,both,2026-09-30 17:02:29,2026-10-01 04:45:10,4,63,147,63,В дорозі,Висока,,27,22,0,1,2026-10-01 10:49:18,63,,160,first_seen,1
705/706|Перемишль|Київ-Пас.|@20260930-1702,705/706|Перемишль|Київ-Пас.|,705/706,,Перемишль,Київ-Пас.,both,2026-09-30 17:02:29,2026-09-30 17:02:29,1,111,111,111,В дорозі,Висока,,7,6,0,1,2026-09-30 22:01:58,111,,108,absent_15.2h_over_3_runs,0
119/120|Хелм|Дніпро-Головний|30.09@20260930-1702,119/120|Хелм|Дніпро-Головний|30.09,119/120,30.09,Хелм,Дніпро-Головний,both,2026-09-30 17:02:29,2026-10-01 04:45:10,4,109,122,106,В дорозі,Висока,,16,13,0,1,2026-10-01 10:49:18,109,,134,first_seen,1
45/46|Ужгород|Харків-Пас.|@20260930-1702,45/46|Ужгород|Харків-Пас.|,45/46,,Ужгород,Харків-Пас.,both,2026-09-30 17:02:29,2026-09-30 22:01:58,2,68,99,68,В дорозі,Висока,,27,26,0,1,2026-10-01 01:53:05,68,,102,absent_31.2h_over_6_runs,1
747/748|Київ-Пас.|Тернопіль-Пас.|30.09@20260930-1702,747/748|Київ-Пас.|Тернопіль-Пас.|30.09,747/748,30.09,Київ-Пас.,Тернопіль-Пас.,both,2026-09-30 17:02:29,2026-09-30 22:01:58,2,111,111,98,В дорозі,Висока,,9,8,0,1,2026-10-01 01:53:05,111,,128,first_seen,1
763/764|Київ-Пас.|Одеса-Головна|30.09@20260930-1702,763/764|Київ-Пас.|Одеса-Головна|30.09,763/764,30.09,Київ-Пас.,Одеса-Головна,both,2026-09-30 17:02:29,2026-09-30 22:01:58,2,127,127,98,В дорозі,Висока,,10,9,0,1,2026-10-01 01:53:05,127,,128,first_seen,1
143/144|Суми|Рахів|@20260930-1702,143/144|Суми|Рахів|,143/144,,Суми,Рахів,transit,2026-09-30 17:02:29,2026-10-01 04:45:10,4,119,136,87,В дорозі,Висока,,27,21,0,1,2026-10-01 10:49:18,119,,137,absent_24.4h_over_5_runs,1
5/6|Ясіня|Запоріжжя-1|30.09@20260930-1702,5/6|Ясіня|Запоріжжя-1|30.09,5/6,30.09,Ясіня,Запоріжжя-1,transit,2026-09-30 17:02:29,2026-10-01 04:45:10,4,28,80,28,В дорозі,Висока,,16,9,0,1,2026-10-01 10:49:18,28,,91,first_seen,1
15/16|Харків-Пас.|Чернівці|@20260930-1702,15/16|Харків-Пас.|Чернівці|,15/16,,Харків-Пас.,Чернівці,both,2026-09-30 17:02:29,2026-10-01 04:45:10,4,49,64,44,В дорозі,Висока,,10,6,0,1,2026-10-01 10:49:18,49,,73,absent_24.4h_over_5_runs,1
771/772|Київ-Пас.|Хмельницький|@20260930-1702,771/772|Київ-Пас.|Хмельницький|,771/772,,Київ-Пас.,Хмельницький,both,2026-09-30 17:02:29,2026-09-30 17:02:29,1,64,64,64,В дорозі,Висока,,10,3,0,1,2026-09-30 22:01:58,64,,64,first_seen,0
37/38|Ужгород|Одеса-Головна|@20260930-1702,37/38|Ужгород|Одеса-Головна|,37/38,,Ужгород,Одеса-Головна,both,2026-09-30 17:02:29,2026-09-30 17:02:29,1,62,62,62,В дорозі,Висока,,24,6,0,1,2026-09-30 22:01:58,62,,64,absent_31.2h_over_6_runs,0
9/10|Київ-Пас.|Будапешт-Келеті|@20260930-1702,9/10|Київ-Пас.|Будапешт-Келеті|,9/10,,Київ-Пас.,Будапешт-Келеті,endpoint,2026-09-30 17:02:29,2026-10-01 04:45:10,4,74,74,61,В дорозі,Висока,,0,0,0,1,2026-10-01 10:49:18,74,74,75,delay_drop_398,1
723/724|Харків-Пас.|Київ-Пас.|@20260930-1702,723/724|Харків-Пас.|Київ-Пас.|,723/724,,Харків-Пас.,Київ-Пас.,both,2026-09-30 17:02:29,2026-09-30 17:02:29,1,45,45,45,В дорозі,Висока,,8,2,0,1,2026-09-30 22:01:58,45,,45,absent_40.7h_over_8_runs,0
715/716|Київ-Пас.|Перемишль|@20260930-1702,715/716|Київ-Пас.|Перемишль|,715/716,,Київ-Пас.,Перемишль,both,2026-09-30 17:02:29,2026-09-30 17:02:29,1,43,43,43,В дорозі,Висока,,6,4,0,1,2026-09-30 22:01:58,43,,46,absent_15.2h_over_3_runs,0
57/58|Ясіня|Київ-Пас.|@20260930-1702,57/58|Ясіня|Київ-Пас.|,57/58,,Ясіня,Київ-Пас.,both,2026-09-30 17:02:29,2026-09-30 17:02:29,1,38,38,38,В дорозі,Висока,,20,4,0,1,2026-09-30 22:01:58,38,,38,absent_12.4h_over_2_runs,0
25/26|Ясіня|Одеса-Головна|@20260930-1702,25/26|Ясіня|Одеса-Головна|,25/26,,Ясіня,Одеса-Головна,both,2026-09-30 17:02:29,2026-09-30 17:02:29,1,33,33,33,В дорозі,Висока,,25,5,0,1,2026-09-30 22:01:58,33,,38,first_seen,0
743/744|Львів|Дарниця|@20260930-1702,743/744|Львів|Дарниця|,743/744,,Львів,Дарниця,both,2026-09-30 17:02:29,2026-09-30 17:02:29,1,24,24,24,В дорозі,Висока,,5,2,0,1,2026-09-30 22:01:58,24,,21,absent_6.6h_over_1_runs,0
31/32|Перемишль|Запоріжжя-1|29.09@20260930-2201,31/32|Перемишль|Запоріжжя-1|29.09,31/32,29.09,Перемишль,Запоріжжя-1,transit,2026-09-30 22:01:58,2026-09-30 22:01:58,1,554,554,554,В дорозі,Висока,,19,17,0,1,2026-10-01 01:53:05,554,,554,first_seen,0
3/4|Ужгород|Дніпро-Головний|29.09@20260930-2201,3/4|Ужгород|Дніпро-Головний|29.09,3/4,29.09,Ужгород,Дніпро-Головний,both,2026-09-30 22:01:58,2026-09-30 22:01:58,1,554,554,554,В дорозі,Висока,,23,23,1,1,2026-10-01 01:53:05,554,554,554,first_seen,0
109/110|Миколаїв Пас.|Львів|@20260930-2201,109/110|Миколаїв Пас.|Львів|,109/110,,Миколаїв Пас.,Львів,both,2026-09-30 22:01:58,2026-10-01 18:01:05,5,630,666,420,В дорозі,Висока,,21,19,0,1,2026-10-01 23:11:21,630,,681,absent_29.4h_over_6_runs,1
749/750|Київ-Пас.|Ужгород|30.09@20260930-2201,749/750|Київ-Пас.|Ужгород|30.09,749/750,30.09,Київ-Пас.,Ужгород,both,2026-09-30 22:01:58,2026-10-01 04:45:10,3,376,376,356,В дорозі,Висока,,10,6,0,1,2026-10-01 10:49:18,376,,377,first_seen,0
5/6|Запоріжжя-1|Ясіня|@20260930-2201,5/6|Запоріжжя-1|Ясіня|,5/6,,Запоріжжя-1,Ясіня,transit,2026-09-30 22:01:58,2026-10-01 10:49:18,4,295,305,275,В дорозі,Висока,,16,12,0,1,2026-10-01 18:01:05,295,,303,absent_5.0h_over_1_runs,1
31/32|Запоріжжя-1|Перемишль|@20260930-2201,31/32|Запоріжжя-1|Перемишль|,31/32,,Запоріжжя-1,Перемишль,transit,2026-09-30 22:01:58,2026-10-01 10:49:18,4,310,318,266,В дорозі,Висока,,4,2,0,1,2026-10-01 18:01:05,310,,,delay_drop_561,1
233/234|Кривий Ріг-Головний|Чернівці|30.09@20260930-2201,233/234|Кривий Ріг-Головний|Чернівці|30.09,233/234,30.09,Кривий Ріг-Головний,Чернівці,transit,2026-09-30 22:01:58,2026-10-01 10:49:18,4,450,450,240,В дорозі,Висока,,10,4,0,1,2026-10-01 18:01:05,450,,444,first_seen,1
293/294|Кривий Ріг-Головний|Рахів|30.09@20260930-2201,293/294|Кривий Ріг-Головний|Рахів|30.09,293/294,30.09,Кривий Ріг-Головний,Рахів,transit,2026-09-30 22:01:58,2026-10-01 10:49:18,4,450,450,240,В дорозі,Висока,,15,12,0,1,2026-10-01 18:01:05,450,,444,first_seen,1
41/42|Дніпро-Головний|Трускавець|@20260930-2201,41/42|Дніпро-Головний|Трускавець|,41/42,,Дніпро-Головний,Трускавець,both,2026-09-30 22:01:58,2026-10-01 10:49:18,4,510,510,240,В дорозі,Висока,,29,27,0,1,2026-10-01 18:01:05,510,,518,absent_5.0h_over_1_runs,1
285/286|Дніпро-Головний|Львів|@20260930-2201,285/286|Дніпро-Головний|Львів|,285/286,,Дніпро-Головний,Львів,both,2026-09-30 22:01:58,2026-10-01 04:45:10,3,476,476,240,В дорозі,Висока,,27,19,0,1,2026-10-01 10:49:18,476,,481,absent_5.0h_over_1_runs,0
3/4|Дніпро-Головний|Ужгород|@20260930-2201,3/4|Дніпро-Головний|Ужгород|,3/4,,Дніпро-Головний,Ужгород,both,2026-09-30 22:01:58,2026-10-01 10:49:18,4,520,525,240,В дорозі,Висока,,15,14,0,1,2026-10-01 23:11:21,520,,537,absent_24.2h_over_5_runs,1
17/18|Ужгород|Харків-Пас.|@20260930-2201,17/18|Ужгород|Харків-Пас.|,17/18,,Ужгород,Харків-Пас.,both,2026-09-30 22:01:58,2026-10-01 10:49:18,4,260,260,226,В дорозі,Висока,,11,9,0,1,2026-10-01 18:01:05,260,,253,absent_24.2h_over_5_runs,1
1/2|Харків-Пас.|Рахів|@20260930-2201,1/2|Харків-Пас.|Рахів|,1/2,,Харків-Пас.,Рахів,both,2026-09-30 22:01:58,2026-10-01 10:49:18,4,190,213,190,В дорозі,Висока,,13,7,0,1,2026-10-01 23:11:21,190,,221,absent_5.0h_over_1_runs,1
731/732|Дніпро-Головний|Київ-Пас.|@20260930-2201,731/732|Дніпро-Головний|Київ-Пас.|,731/732,,Дніпро-Головний,Київ-Пас.,both,2026-09-30 22:01:58,2026-09-30 22:01:58,1,183,183,183,В дорозі,Висока,,8,7,0,1,2026-10-01 01:53:05,183,,187,absent_41.9h_over_8_runs,0
351/352|Київ-Пас.|Кишинеу|30.09@20260930-2201,351/352|Київ-Пас.|Кишинеу|30.09,351/352,30.09,Київ-Пас.,Кишинеу,endpoint,2026-09-30 22:01:58,2026-10-01 10:49:18,4,90,153,90,В дорозі,Висока,,0,0,0,1,2026-10-01 18:01:05,90,,155,first_seen,1
55/56|Київ-Пас.|Рахів|@20260930-2201,55/56|Київ-Пас.|Рахів|,55/56,,Київ-Пас.,Рахів,both,2026-09-30 22:01:58,2026-10-01 04:45:10,3,122,136,122,В дорозі,Висока,,20,11,0,1,2026-10-01 10:49:18,122,,137,absent_29.4h_over_6_runs,0
13/14|Київ-Пас.|Солотвино-1|@20260930-2201,13/14|Київ-Пас.|Солотвино-1|,13/14,,Київ-Пас.,Солотвино-1,both,2026-09-30 22:01:58,2026-10-01 10:49:18,4,70,129,70,В дорозі,Висока,,28,26,0,1,2026-10-01 23:11:21,70,,127,absent_51.5h_over_10_runs,1
7/8|Харків-Пас.|Одеса-Головна|@20260930-2201,7/8|Харків-Пас.|Одеса-Головна|,7/8,,Харків-Пас.,Одеса-Головна,both,2026-09-30 22:01:58,2026-10-01 04:45:10,3,80,109,76,В дорозі,Висока,,7,6,0,1,2026-10-01 10:49:18,80,,109,absent_29.4h_over_6_runs,0
733/734|Київ-Пас.|Дніпро-Головний|@20260930-2201,733/734|Київ-Пас.|Дніпро-Головний|,733/734,,Київ-Пас.,Дніпро-Головний,both,2026-09-30 22:01:58,2026-09-30 22:01:58,1,83,83,83,В дорозі,Висока,,7,5,0,1,2026-10-01 01:53:05,83,,73,absent_36.1h_over_7_runs,0
87/88|Ковель-Пас.|Дніпро-Головний|@20260930-2201,87/88|Ковель-Пас.|Дніпро-Головний|,87/88,,Ковель-Пас.,Дніпро-Головний,both,2026-09-30 22:01:58,2026-10-01 04:45:10,3,30,75,30,В дорозі,Висока,,29,17,0,1,2026-10-01 10:49:18,30,,87,first_seen,0
793/794|Київ-Пас.|Черкаси|@20260930-2201,793/794|Київ-Пас.|Черкаси|,793/794,,Київ-Пас.,Черкаси,both,2026-09-30 22:01:58,2026-09-30 22:01:58,1,72,72,72,В дорозі,Висока,,8,6,0,1,2026-10-01 01:53:05,72,,94,first_seen,0
67/68|Київ-Пас.|Варшава|30.09@20260930-2201,67/68|Київ-Пас.|Варшава|30.09,67/68,30.09,Київ-Пас.,Варшава,both,2026-09-30 22:01:58,2026-09-30 22:01:58,1,60,60,60,В дорозі,Середня,,3,2,0,1,2026-10-01 01:53:05,60,,177,first_seen,0
39/40|Запоріжжя-1|Солотвино-1|@20260930-2201,39/40|Запоріжжя-1|Солотвино-1|,39/40,,Запоріжжя-1,Солотвино-1,,2026-09-30 22:01:58,2026-10-01 23:11:21,6,390,390,60,В дорозі,Висока,,0,0,0,1,2026-10-02 02:52:26,390,,372,absent_29.4h_over_6_runs,1
773/774|Конотоп-Пас.|Жмеринка-Пас.|@20260930-2201,773/774|Конотоп-Пас.|Жмеринка-Пас.|,773/774,,Конотоп-Пас.,Жмеринка-Пас.,transit,2026-09-30 22:01:58,2026-09-30 22:01:58,1,53,53,53,В дорозі,Висока,,17,12,0,1,2026-10-01 01:53:05,53,,89,absent_17.4h_over_3_runs,0
723/724|Київ-Пас.|Харків-Пас.|@20260930-2201,723/724|Київ-Пас.|Харків-Пас.|,723/724,,Київ-Пас.,Харків-Пас.,both,2026-09-30 22:01:58,2026-09-30 22:01:58,1,45,45,45,В дорозі,Висока,,7,6,0,1,2026-10-01 01:53:05,45,,47,first_seen,0
791/792|Київ-Пас.|Кременчук-Пас.|@20260930-2201,791/792|Київ-Пас.|Кременчук-Пас.|,791/792,,Київ-Пас.,Кременчук-Пас.,both,2026-09-30 22:01:58,2026-09-30 22:01:58,1,44,44,44,В дорозі,Висока,,6,4,0,1,2026-10-01 01:53:05,44,,53,first_seen,0
93/94|Харків-Пас.|Хелм|30.09@20260930-2201,93/94|Харків-Пас.|Хелм|30.09,93/94,30.09,Харків-Пас.,Хелм,both,2026-09-30 22:01:58,2026-10-01 04:45:10,3,22,54,22,В дорозі,Висока,,8,4,0,1,2026-10-01 10:49:18,22,,53,first_seen,0
21/22|Львів|Харків-Пас.|@20260930-2201,21/22|Львів|Харків-Пас.|,21/22,,Львів,Харків-Пас.,both,2026-09-30 22:01:58,2026-10-01 04:45:10,3,27,45,27,В дорозі,Висока,,14,12,0,1,2026-10-01 10:49:18,27,,39,absent_11.6h_over_2_runs,0
85/86|Дніпро-Головний|Львів|@20260930-2201,85/86|Дніпро-Головний|Львів|,85/86,,Дніпро-Головний,Львів,both,2026-09-30 22:01:58,2026-10-01 10:49:18,4,485,520,30,В дорозі,Висока,,9,8,0,1,2026-10-01 18:01:05,485,,527,absent_11.6h_over_2_runs,1
705/706|Київ-Пас.|Перемишль|@20260930-2201,705/706|Київ-Пас.|Перемишль|,705/706,,Київ-Пас.,Перемишль,both,2026-09-30 22:01:58,2026-10-01 04:45:10,3,30,36,30,В дорозі,Висока,,6,5,0,1,2026-10-01 10:49:18,30,,37,absent_11.6h_over_2_runs,0
789/790|Київ-Пас.|Кропивницький|@20260930-2201,789/790|Київ-Пас.|Кропивницький|,789/790,,Київ-Пас.,Кропивницький,both,2026-09-30 22:01:58,2026-09-30 22:01:58,1,7,7,7,В дорозі,Висока,,9,7,0,1,2026-10-01 01:53:05,7,,53,first_seen,0
207/208|Одеса-Головна|Харків-Пас.|30.09@20261001-0153,207/208|Одеса-Головна|Харків-Пас.|30.09,207/208,30.09,Одеса-Головна,Харків-Пас.,both,2026-10-01 01:53:05,2026-10-01 10:49:18,3,260,260,200,В дорозі,Висока,,8,6,0,1,2026-10-01 18:01:05,260,,263,first_seen,1
37/38|Запоріжжя-1|Київ-Пас.|30.09@20261001-0153,37/38|Запоріжжя-1|Київ-Пас.|30.09,37/38,30.09,Запоріжжя-1,Київ-Пас.,both,2026-10-01 01:53:05,2026-10-01 04:45:10,2,176,176,170,В дорозі,Висока,,7,6,0,1,2026-10-01 10:49:18,176,,173,first_seen,0
23/24|Хелм|Київ-Пас.|30.09@20261001-0153,23/24|Хелм|Київ-Пас.|30.09,23/24,30.09,Хелм,Київ-Пас.,both,2026-10-01 01:53:05,2026-10-01 10:49:18,3,230,230,133,В дорозі,Висока,,7,6,0,1,2026-10-01 18:01:05,230,,225,first_seen,1
79/80|Київ-Пас.|Дніпро-Головний|@20261001-0153,79/80|Київ-Пас.|Дніпро-Головний|,79/80,,Київ-Пас.,Дніпро-Головний,endpoint,2026-10-01 01:53:05,2026-10-01 04:45:10,2,83,83,83,В дорозі,Висока,,0,0,0,1,2026-10-01 10:49:18,83,,,first_seen,0
95/96|Київ-Пас.|Рахів|@20261001-0153,95/96|Київ-Пас.|Рахів|,95/96,,Київ-Пас.,Рахів,both,2026-10-01 01:53:05,2026-10-01 10:49:18,3,90,94,78,В дорозі,Висока,,10,8,0,1,2026-10-01 18:01:05,90,,94,absent_8.8h_over_2_runs,1
49/50|Київ-Пас.|Трускавець|@20261001-0153,49/50|Київ-Пас.|Трускавець|,49/50,,Київ-Пас.,Трускавець,both,2026-10-01 01:53:05,2026-10-01 04:45:10,2,94,94,78,В дорозі,Висока,,4,2,0,1,2026-10-01 10:49:18,94,,71,absent_15.4h_over_3_runs,0
67/68|Київ-Пас.|Варшава Заходня|30.09@20261001-0153,67/68|Київ-Пас.|Варшава Заходня|30.09,67/68,30.09,Київ-Пас.,Варшава Заходня,endpoint,2026-10-01 01:53:05,2026-10-01 04:45:10,2,60,60,59,В дорозі,Висока,,0,0,0,1,2026-10-01 10:49:18,60,,,first_seen,0
69/70|Кременчук-Пас.|Перемишль|@20261001-0153,69/70|Кременчук-Пас.|Перемишль|,69/70,,Кременчук-Пас.,Перемишль,transit,2026-10-01 01:53:05,2026-10-01 10:49:18,3,70,70,47,В дорозі,Висока,,17,16,0,1,2026-10-01 18:01:05,70,,75,absent_33.2h_over_7_runs,1
131/132|Кременчук-Пас.|Мукачево|@20261001-0153,131/132|Кременчук-Пас.|Мукачево|,131/132,,Кременчук-Пас.,Мукачево,transit,2026-10-01 01:53:05,2026-10-01 10:49:18,3,70,70,47,В дорозі,Висока,,21,17,0,1,2026-10-01 18:01:05,70,,75,absent_33.2h_over_7_runs,1
129/130|Полтава-Півд.|Мукачево|@20261001-0153,129/130|Полтава-Півд.|Мукачево|,129/130,,Полтава-Півд.,Мукачево,both,2026-10-01 01:53:05,2026-10-01 10:49:18,3,70,70,47,В дорозі,Висока,,20,16,0,1,2026-10-01 18:01:05,70,,75,absent_33.2h_over_7_runs,1
27/28|Київ-Пас.|Чоп|@20261001-0153,27/28|Київ-Пас.|Чоп|,27/28,,Київ-Пас.,Чоп,both,2026-10-01 01:53:05,2026-10-01 04:45:10,2,69,69,52,В дорозі,Висока,,4,2,0,1,2026-10-01 10:49:18,69,,72,absent_15.4h_over_3_runs,0
29/30|Київ-Пас.|Ужгород|@20261001-0153,29/30|Київ-Пас.|Ужгород|,29/30,,Київ-Пас.,Ужгород,both,2026-10-01 01:53:05,2026-10-01 04:45:10,2,69,69,52,В дорозі,Висока,,7,2,0,1,2026-10-01 10:49:18,69,,72,absent_8.8h_over_2_runs,0
85/86|Львів|Дніпро-Головний|@20261001-0153,85/86|Львів|Дніпро-Головний|,85/86,,Львів,Дніпро-Головний,both,2026-10-01 01:53:05,2026-10-02 13:03:12,8,294,294,51,В дорозі,Висока,,27,26,0,1,2026-10-02 23:46:03,294,,299,absent_8.8h_over_2_runs,1
41/42|Трускавець|Дніпро-Головний|@20261001-0153,41/42|Трускавець|Дніпро-Головний|,41/42,,Трускавець,Дніпро-Головний,both,2026-10-01 01:53:05,2026-10-01 10:49:18,3,90,90,51,В дорозі,Висока,,30,27,0,1,2026-10-01 23:11:21,90,,97,absent_8.8h_over_2_runs,1
27/28|Чоп|Київ-Пас.|@20261001-0153,27/28|Чоп|Київ-Пас.|,27/28,,Чоп,Київ-Пас.,both,2026-10-01 01:53:05,2026-10-01 10:49:18,3,90,90,50,В дорозі,Висока,,6,5,0,1,2026-10-01 18:01:05,90,,95,absent_8.8h_over_2_runs,1
59/60|Київ-Пас.|Чоп|@20261001-0153,59/60|Київ-Пас.|Чоп|,59/60,,Київ-Пас.,Чоп,both,2026-10-01 01:53:05,2026-10-01 04:45:10,2,53,53,47,В дорозі,Висока,,21,6,0,1,2026-10-01 10:49:18,53,,53,absent_8.8h_over_2_runs,0
57/58|Київ-Пас.|Ясіня|@20261001-0153,57/58|Київ-Пас.|Ясіня|,57/58,,Київ-Пас.,Ясіня,both,2026-10-01 01:53:05,2026-10-01 04:45:10,2,53,53,47,В дорозі,Висока,,20,5,0,1,2026-10-01 10:49:18,53,,53,absent_8.8h_over_2_runs,0
7/8|Київ-Пас.|Чернівці|30.09@20261001-0153,7/8|Київ-Пас.|Чернівці|30.09,7/8,30.09,Київ-Пас.,Чернівці,both,2026-10-01 01:53:05,2026-10-01 04:45:10,2,53,53,42,В дорозі,Висока,,5,2,0,1,2026-10-01 10:49:18,53,,47,first_seen,0
43/44|Черкаси|Івано-Франківськ|@20261001-0153,43/44|Черкаси|Івано-Франківськ|,43/44,,Черкаси,Івано-Франківськ,transit,2026-10-01 01:53:05,2026-10-01 04:45:10,2,25,42,25,В дорозі,Висока,,12,4,0,1,2026-10-01 10:49:18,25,,32,absent_8.8h_over_2_runs,0
103/104|Берестин|Львів|@20261001-0153,103/104|Берестин|Львів|,103/104,,Берестин,Львів,both,2026-10-01 01:53:05,2026-10-01 01:53:05,1,39,39,39,В дорозі,Висока,,17,9,0,1,2026-10-01 04:45:10,39,,29,absent_8.8h_over_2_runs,0
81/82|Київ-Пас.|Ужгород|@20261001-0153,81/82|Київ-Пас.|Ужгород|,81/82,,Київ-Пас.,Ужгород,endpoint,2026-10-01 01:53:05,2026-10-01 01:53:05,1,30,30,30,В дорозі,Висока,,0,0,0,1,2026-10-01 04:45:10,30,,,absent_8.8h_over_2_runs,0
37/38|Київ-Пас.|Запоріжжя-1|@20261001-0153,37/38|Київ-Пас.|Запоріжжя-1|,37/38,,Київ-Пас.,Запоріжжя-1,both,2026-10-01 01:53:05,2026-10-01 04:45:10,2,33,33,28,В дорозі,Висока,,9,5,0,1,2026-10-01 10:49:18,33,,33,delay_drop_669,0
113/114|Харків-Пас.|Ужгород|@20261001-0153,113/114|Харків-Пас.|Ужгород|,113/114,,Харків-Пас.,Ужгород,endpoint,2026-10-01 01:53:05,2026-10-01 01:53:05,1,28,28,28,В дорозі,Висока,,0,0,0,1,2026-10-01 04:45:10,28,,,absent_15.4h_over_3_runs,0
29/30|Ужгород|Київ-Пас.|@20261001-0153,29/30|Ужгород|Київ-Пас.|,29/30,,Ужгород,Київ-Пас.,endpoint,2026-10-01 01:53:05,2026-10-01 01:53:05,1,20,20,20,В дорозі,Висока,,0,0,0,1,2026-10-01 04:45:10,20,,,absent_55.4h_over_11_runs,0
3/4|Ужгород|Дніпро-Головний|@20261001-0445,3/4|Ужгород|Дніпро-Головний|,3/4,,Ужгород,Дніпро-Головний,both,2026-10-01 04:45:10,2026-10-01 10:49:18,2,231,231,203,В дорозі,Висока,,15,13,0,1,2026-10-01 18:01:05,231,,238,absent_6.7h_over_2_runs,1
31/32|Перемишль|Запоріжжя-1|@20261001-0445,31/32|Перемишль|Запоріжжя-1|,31/32,,Перемишль,Запоріжжя-1,transit,2026-10-01 04:45:10,2026-10-01 10:49:18,2,231,231,203,В дорозі,Висока,,12,8,0,1,2026-10-01 18:01:05,231,,238,absent_6.7h_over_2_runs,1
67/68|Варшава Заходня|Київ-Пас.|@20261001-0445,67/68|Варшава Заходня|Київ-Пас.|,67/68,,Варшава Заходня,Київ-Пас.,both,2026-10-01 04:45:10,2026-10-01 10:49:18,2,60,63,60,В дорозі,Висока,,5,4,0,1,2026-10-01 18:01:05,60,,66,absent_36.1h_over_8_runs,1
91/92|Львів|Київ-Пас.|@20261001-0445,91/92|Львів|Київ-Пас.|,91/92,,Львів,Київ-Пас.,both,2026-10-01 04:45:10,2026-10-01 04:45:10,1,44,44,44,В дорозі,Висока,,5,4,0,1,2026-10-01 10:49:18,44,,19,first_seen,0
89/90|Перемишль|Київ-Пас.|@20261001-0445,89/90|Перемишль|Київ-Пас.|,89/90,,Перемишль,Київ-Пас.,both,2026-10-01 04:45:10,2026-10-01 04:45:10,1,39,39,39,В дорозі,Висока,,6,5,0,1,2026-10-01 10:49:18,39,,35,first_seen,0
261/262|Чернівці|Дніпро-Головний|@20261001-0445,261/262|Чернівці|Дніпро-Головний|,261/262,,Чернівці,Дніпро-Головний,both,2026-10-01 04:45:10,2026-10-01 04:45:10,1,36,36,36,В дорозі,Висока,,15,6,0,1,2026-10-01 10:49:18,36,,17,first_seen,0
61/62|Івано-Франківськ|Дніпро-Головний|@20261001-0445,61/62|Івано-Франківськ|Дніпро-Головний|,61/62,,Івано-Франківськ,Дніпро-Головний,both,2026-10-01 04:45:10,2026-10-01 04:45:10,1,36,36,36,В дорозі,Висока,,12,3,0,1,2026-10-01 10:49:18,36,,10,first_seen,0
81/82|Ужгород|Київ-Пас.|@20261001-0445,81/82|Ужгород|Київ-Пас.|,81/82,,Ужгород,Київ-Пас.,both,2026-10-01 04:45:10,2026-10-01 04:45:10,1,36,36,36,В дорозі,Висока,,12,11,0,1,2026-10-01 10:49:18,36,,35,absent_18.3h_over_4_runs,0
23/24|Київ-Пас.|Хелм|@20261001-0445,23/24|Київ-Пас.|Хелм|,23/24,,Київ-Пас.,Хелм,both,2026-10-01 04:45:10,2026-10-01 04:45:10,1,35,35,35,В дорозі,Висока,,4,3,0,1,2026-10-01 10:49:18,35,,20,absent_18.3h_over_4_runs,0
285/286|Дніпро-Головний|Львів|@20261001-1049,285/286|Дніпро-Головний|Львів|,285/286,,Дніпро-Головний,Львів,endpoint,2026-10-01 10:49:18,2026-10-01 18:01:05,2,470,510,470,В дорозі,Висока,,0,0,0,1,2026-10-01 23:11:21,470,,518,route_reset_19->16,1
121/122|Київ-Пас.|Миколаїв Пас.|@20261001-1049,121/122|Київ-Пас.|Миколаїв Пас.|,121/122,,Київ-Пас.,Миколаїв Пас.,both,2026-10-01 10:49:18,2026-10-01 10:49:18,1,185,185,185,В дорозі,Висока,,16,14,0,1,2026-10-01 18:01:05,185,,190,absent_12.8h_over_3_runs,0
749/750|Ужгород|Київ-Пас.|01.10@20261001-1049,749/750|Ужгород|Київ-Пас.|01.10,749/750,01.10,Ужгород,Київ-Пас.,both,2026-10-01 10:49:18,2026-10-01 18:01:05,2,150,150,110,В дорозі,Висока,,9,8,0,1,2026-10-01 23:11:21,150,,122,first_seen,1
95/96|Рахів|Київ-Пас.|@20261001-1049,95/96|Рахів|Київ-Пас.|,95/96,,Рахів,Київ-Пас.,both,2026-10-01 10:49:18,2026-10-01 10:49:18,1,90,90,90,В дорозі,Висока,,11,10,0,1,2026-10-01 18:01:05,90,,95,absent_17.8h_over_4_runs,0
353/354|Кишинеу|Київ-Пас.|@20261001-1049,353/354|Кишинеу|Київ-Пас.|,353/354,,Кишинеу,Київ-Пас.,both,2026-10-01 10:49:18,2026-10-01 10:49:18,1,55,55,55,В дорозі,Висока,,8,5,0,1,2026-10-01 18:01:05,55,,58,first_seen,0
3/4|Дніпро-Головний|Ужгород|30.09@20261001-1801,3/4|Дніпро-Головний|Ужгород|30.09,3/4,30.09,Дніпро-Головний,Ужгород,both,2026-10-01 18:01:05,2026-10-01 18:01:05,1,520,520,520,В дорозі,Висока,,15,12,0,1,2026-10-01 23:11:21,520,,537,first_seen,0
109/110|Львів|Миколаїв Пас.|@20261001-1801,109/110|Львів|Миколаїв Пас.|,109/110,,Львів,Миколаїв Пас.,both,2026-10-01 18:01:05,2026-10-02 13:03:12,5,232,240,200,В дорозі,Висока,,23,21,0,1,2026-10-02 19:15:58,232,,248,absent_20.0h_over_4_runs,1
3/4|Дніпро-Головний|Ужгород|01.10@20261001-1801,3/4|Дніпро-Головний|Ужгород|01.10,3/4,01.10,Дніпро-Головний,Ужгород,both,2026-10-01 18:01:05,2026-10-01 18:01:05,1,180,180,180,Готується,Низька,,15,12,0,1,2026-10-01 23:11:21,180,,537,first_seen,0
17/18|Харків-Пас.|Ужгород|@20261001-1801,17/18|Харків-Пас.|Ужгород|,17/18,,Харків-Пас.,Ужгород,both,2026-10-01 18:01:05,2026-10-02 06:40:58,4,120,120,90,В дорозі,Висока,,11,6,0,1,2026-10-02 13:03:12,120,,138,absent_20.0h_over_4_runs,1
5/6|Запоріжжя-1|Ясіня|@20261001-1801,5/6|Запоріжжя-1|Ясіня|,5/6,,Запоріжжя-1,Ясіня,transit,2026-10-01 18:01:05,2026-10-01 18:01:05,1,95,95,95,В дорозі,Висока,,16,5,0,1,2026-10-01 23:11:21,95,,137,delay_drop_200,0
31/32|Запоріжжя-1|Перемишль|@20261001-1801,31/32|Запоріжжя-1|Перемишль|,31/32,,Запоріжжя-1,Перемишль,transit,2026-10-01 18:01:05,2026-10-01 18:01:05,1,90,90,90,В дорозі,Висока,,13,7,0,1,2026-10-01 23:11:21,90,,94,delay_drop_220,0
705/706|Перемишль|Київ-Пас.|@20261001-1801,705/706|Перемишль|Київ-Пас.|,705/706,,Перемишль,Київ-Пас.,both,2026-10-01 18:01:05,2026-10-01 18:01:05,1,70,70,70,В дорозі,Висока,,8,7,0,1,2026-10-01 23:11:21,70,,77,absent_20.0h_over_4_runs,0
749/750|Київ-Пас.|Ужгород|@20261001-1801,749/750|Київ-Пас.|Ужгород|,749/750,,Київ-Пас.,Ужгород,endpoint,2026-10-01 18:01:05,2026-10-02 06:40:58,4,70,80,70,В дорозі,Висока,,0,0,0,1,2026-10-02 19:15:58,70,90,90,absent_37.4h_over_7_runs,1
3/4|Дніпро-Головний|Ужгород|@20261001-2311,3/4|Дніпро-Головний|Ужгород|,3/4,,Дніпро-Головний,Ужгород,both,2026-10-01 23:11:21,2026-10-02 13:03:12,4,134,220,130,В дорозі,Висока,,15,14,0,1,2026-10-02 19:15:58,134,,265,absent_5.2h_over_1_runs,1
1/2|Харків-Пас.|Рахів|@20261001-2311,1/2|Харків-Пас.|Рахів|,1/2,,Харків-Пас.,Рахів,both,2026-10-01 23:11:21,2026-10-02 13:03:12,4,220,220,160,В дорозі,Висока,,13,11,0,1,2026-10-02 19:15:58,220,,243,absent_5.2h_over_1_runs,1
41/42|Трускавець|Дніпро-Головний|@20261001-2311,41/42|Трускавець|Дніпро-Головний|,41/42,,Трускавець,Дніпро-Головний,both,2026-10-01 23:11:21,2026-10-02 13:03:12,4,294,294,130,В дорозі,Висока,,28,27,0,1,2026-10-02 23:46:03,294,,216,absent_5.2h_over_1_runs,1
37/38|Запоріжжя-1|Київ-Пас.|@20261001-2311,37/38|Запоріжжя-1|Київ-Пас.|,37/38,,Запоріжжя-1,Київ-Пас.,both,2026-10-01 23:11:21,2026-10-02 02:52:26,2,160,160,120,В дорозі,Висока,,8,6,0,1,2026-10-02 06:40:58,160,,194,absent_25.2h_over_5_runs,0
127/128|Дніпро-Головний|Львів|@20261001-2311,127/128|Дніпро-Головний|Львів|,127/128,,Дніпро-Головний,Львів,both,2026-10-01 23:11:21,2026-10-02 13:03:12,4,72,80,57,В дорозі,Висока,,29,27,0,1,2026-10-02 19:15:58,72,,100,absent_30.1h_over_6_runs,1
9/10|Київ-Пас.|Будапешт-Келеті|@20261001-2311,9/10|Київ-Пас.|Будапешт-Келеті|,9/10,,Київ-Пас.,Будапешт-Келеті,both,2026-10-01 23:11:21,2026-10-01 23:11:21,1,60,60,60,В дорозі,Висока,,8,8,1,1,2026-10-02 02:52:26,60,61,61,absent_12.4h_over_2_runs,0
237/238|Київ-Пас.|Ужгород|@20261001-2311,237/238|Київ-Пас.|Ужгород|,237/238,,Київ-Пас.,Ужгород,both,2026-10-01 23:11:21,2026-10-02 06:40:58,2,90,90,60,В дорозі,Висока,,20,18,0,1,2026-10-02 13:03:12,90,,104,first_seen,1
13/14|Київ-Пас.|Солотвино-1|@20261001-2311,13/14|Київ-Пас.|Солотвино-1|,13/14,,Київ-Пас.,Солотвино-1,both,2026-10-01 23:11:21,2026-10-02 06:40:58,2,90,90,60,В дорозі,Висока,,29,18,0,1,2026-10-02 13:03:12,90,,104,absent_5.2h_over_1_runs,1
137/138|Київ-Пас.|Ясіня|@20261001-2311,137/138|Київ-Пас.|Ясіня|,137/138,,Київ-Пас.,Ясіня,both,2026-10-01 23:11:21,2026-10-01 23:11:21,1,56,56,56,В дорозі,Висока,,16,7,0,1,2026-10-02 02:52:26,56,,56,first_seen,0
141/142|Чернігів|Ясіня|@20261001-2311,141/142|Чернігів|Ясіня|,141/142,,Чернігів,Ясіня,transit,2026-10-01 23:11:21,2026-10-01 23:11:21,1,56,56,56,В дорозі,Висока,,20,11,0,1,2026-10-02 02:52:26,56,,56,absent_30.1h_over_6_runs,0
97/98|Київ-Пас.|Ковель-Пас.|@20261002-0252,97/98|Київ-Пас.|Ковель-Пас.|,97/98,,Київ-Пас.,Ковель-Пас.,both,2026-10-02 02:52:26,2026-10-02 02:52:26,1,70,70,70,В дорозі,Висока,,15,1,0,1,2026-10-02 06:40:58,70,,69,absent_33.8h_over_7_runs,0
81/82|Ужгород|Київ-Пас.|@20261002-0640,81/82|Ужгород|Київ-Пас.|,81/82,,Ужгород,Київ-Пас.,both,2026-10-02 06:40:58,2026-10-02 06:40:58,1,90,90,90,В дорозі,Висока,,13,12,0,1,2026-10-02 13:03:12,90,,91,absent_19.9h_over_4_runs,0
37/38|Київ-Пас.|Запоріжжя-1|@20261002-0640,37/38|Київ-Пас.|Запоріжжя-1|,37/38,,Київ-Пас.,Запоріжжя-1,both,2026-10-02 06:40:58,2026-10-02 06:40:58,1,70,70,70,В дорозі,Висока,,10,6,0,1,2026-10-02 13:03:12,70,,78,absent_19.9h_over_4_runs,0
29/30|Київ-Пас.|Ужгород|@20261002-0640,29/30|Київ-Пас.|Ужгород|,29/30,,Київ-Пас.,Ужгород,both,2026-10-02 06:40:58,2026-10-02 06:40:58,1,70,70,70,В дорозі,Висока,,7,4,0,1,2026-10-02 13:03:12,70,,41,absent_19.9h_over_4_runs,0
233/234|Чернівці|Кривий Ріг-Головний|@20261002-0640,233/234|Чернівці|Кривий Ріг-Головний|,233/234,,Чернівці,Кривий Ріг-Головний,transit,2026-10-02 06:40:58,2026-10-02 06:40:58,1,60,60,60,В дорозі,Висока,,10,7,0,1,2026-10-02 13:03:12,60,,74,absent_32.7h_over_7_runs,0
293/294|Рахів|Кривий Ріг-Головний|@20261002-0640,293/294|Рахів|Кривий Ріг-Головний|,293/294,,Рахів,Кривий Ріг-Головний,transit,2026-10-02 06:40:58,2026-10-02 06:40:58,1,60,60,60,В дорозі,Висока,,14,11,0,1,2026-10-02 13:03:12,60,,68,absent_32.7h_over_7_runs,0
93/94|Хелм|Харків-Пас.|@20261002-0640,93/94|Хелм|Харків-Пас.|,93/94,,Хелм,Харків-Пас.,both,2026-10-02 06:40:58,2026-10-02 13:03:12,2,66,66,60,В дорозі,Висока,,10,9,0,1,2026-10-02 19:15:58,66,,105,absent_32.7h_over_7_runs,1
37/38|Запоріжжя-1|Київ-Пас.|@20261002-0640,37/38|Запоріжжя-1|Київ-Пас.|,37/38,,Запоріжжя-1,Київ-Пас.,both,2026-10-02 06:40:58,2026-10-02 06:40:58,1,55,55,55,В дорозі,Висока,,8,7,0,1,2026-10-02 13:03:12,55,,194,delay_drop_105,0
117/118|Київ-Пас.|Жмеринка-Пас.|@20261002-1303,117/118|Київ-Пас.|Жмеринка-Пас.|,117/118,,Київ-Пас.,Жмеринка-Пас.,both,2026-10-02 13:03:12,2026-10-02 13:03:12,1,86,86,86,В дорозі,Висока,,10,7,0,1,2026-10-02 19:15:58,86,,51,first_seen,0
9/10|Київ-Пас.|Будапешт-Келеті|@20261002-1303,9/10|Київ-Пас.|Будапешт-Келеті|,9/10,,Київ-Пас.,Будапешт-Келеті,endpoint,2026-10-02 13:03:12,2026-10-03 07:03:21,5,140,140,83,В дорозі,Висока,,0,0,0,1,2026-10-03 12:50:57,140,140,140,absent_10.2h_over_2_runs,1
749/750|Ужгород|Київ-Пас.|@20261002-1303,749/750|Ужгород|Київ-Пас.|,749/750,,Ужгород,Київ-Пас.,both,2026-10-02 13:03:12,2026-10-02 13:03:12,1,81,81,81,В дорозі,Висока,,7,6,0,1,2026-10-02 19:15:58,81,,80,absent_39.0h_over_8_runs,0
109/110|Миколаїв Пас.|Львів|@20261002-1303,109/110|Миколаїв Пас.|Львів|,109/110,,Миколаїв Пас.,Львів,both,2026-10-02 13:03:12,2026-10-03 07:03:21,5,367,385,60,В дорозі,Висока,,24,21,0,1,2026-10-03 12:50:57,367,,403,absent_13.9h_over_3_runs,1
705/706|Перемишль|Київ-Пас.|@20261002-1303,705/706|Перемишль|Київ-Пас.|,705/706,,Перемишль,Київ-Пас.,both,2026-10-02 13:03:12,2026-10-02 13:03:12,1,54,54,54,В дорозі,Висока,,7,3,0,1,2026-10-02 19:15:58,54,,59,absent_13.9h_over_3_runs,0
31/32|Перемишль|Запоріжжя-1|@20261002-1303,31/32|Перемишль|Запоріжжя-1|,31/32,,Перемишль,Запоріжжя-1,transit,2026-10-02 13:03:12,2026-10-02 13:03:12,1,49,49,49,В дорозі,Висока,,11,9,0,1,2026-10-02 19:15:58,49,,48,absent_19.0h_over_4_runs,0
3/4|Ужгород|Дніпро-Головний|@20261002-1303,3/4|Ужгород|Дніпро-Головний|,3/4,,Ужгород,Дніпро-Головний,both,2026-10-02 13:03:12,2026-10-02 13:03:12,1,49,49,49,В дорозі,Висока,,14,13,0,1,2026-10-02 19:15:58,49,,48,absent_19.0h_over_4_runs,0
21/22|Харків-Пас.|Львів|@20261002-1303,21/22|Харків-Пас.|Львів|,21/22,,Харків-Пас.,Львів,both,2026-10-02 13:03:12,2026-10-02 13:03:12,1,48,48,48,В дорозі,Висока,,14,13,0,1,2026-10-02 19:15:58,48,,60,absent_44.0h_over_9_runs,0
39/40|Запоріжжя-1|Солотвино-1|@20261002-1915,39/40|Запоріжжя-1|Солотвино-1|,39/40,,Запоріжжя-1,Солотвино-1,transit,2026-10-02 19:15:58,2026-10-03 17:30:27,6,65,240,65,В дорозі,Висока,,29,25,0,1,2026-10-03 21:06:42,65,,248,absent_16.4h_over_3_runs,1
5/6|Запоріжжя-1|Ясіня|@20261002-1915,5/6|Запоріжжя-1|Ясіня|,5/6,,Запоріжжя-1,Ясіня,transit,2026-10-02 19:15:58,2026-10-03 12:50:57,5,222,240,162,В дорозі,Висока,,17,12,0,1,2026-10-03 17:30:27,222,,248,absent_20.1h_over_4_runs,1
121/122|Миколаїв Пас.|Київ-Пас.|@20261002-1915,121/122|Миколаїв Пас.|Київ-Пас.|,121/122,,Миколаїв Пас.,Київ-Пас.,both,2026-10-02 19:15:58,2026-10-03 03:00:08,3,155,188,120,В дорозі,Висока,,20,14,0,1,2026-10-03 07:03:21,155,,220,first_seen,1
85/86|Дніпро-Головний|Львів|@20261002-1915,85/86|Дніпро-Головний|Львів|,85/86,,Дніпро-Головний,Львів,both,2026-10-02 19:15:58,2026-10-03 07:03:21,4,141,141,92,В дорозі,Висока,,27,22,0,1,2026-10-03 12:50:57,141,,150,absent_25.2h_over_5_runs,1
41/42|Дніпро-Головний|Трускавець|@20261002-1915,41/42|Дніпро-Головний|Трускавець|,41/42,,Дніпро-Головний,Трускавець,both,2026-10-02 19:15:58,2026-10-03 12:50:57,5,119,141,92,В дорозі,Висока,,29,27,0,1,2026-10-03 21:06:42,119,,154,absent_25.2h_over_5_runs,1
1/2|Харків-Пас.|Рахів|@20261002-1915,1/2|Харків-Пас.|Рахів|,1/2,,Харків-Пас.,Рахів,both,2026-10-02 19:15:58,2026-10-03 07:03:21,4,187,187,86,В дорозі,Висока,,15,9,0,1,2026-10-03 12:50:57,187,,174,delay_drop_134,1
15/16|Харків-Пас.|Чернівці|@20261002-1915,15/16|Харків-Пас.|Чернівці|,15/16,,Харків-Пас.,Чернівці,both,2026-10-02 19:15:58,2026-10-03 07:03:21,4,180,180,85,В дорозі,Висока,,10,7,0,1,2026-10-03 12:50:57,180,,101,absent_32.4h_over_6_runs,1
749/750|Київ-Пас.|Ужгород|@20261002-1915,749/750|Київ-Пас.|Ужгород|,749/750,,Київ-Пас.,Ужгород,both,2026-10-02 19:15:58,2026-10-02 23:46:03,2,112,112,82,В дорозі,Висока,,10,8,0,1,2026-10-03 03:00:08,112,,111,absent_6.2h_over_1_runs,1
31/32|Запоріжжя-1|Перемишль|@20261002-1915,31/32|Запоріжжя-1|Перемишль|,31/32,,Запоріжжя-1,Перемишль,transit,2026-10-02 19:15:58,2026-10-02 19:15:58,1,67,67,67,В дорозі,Висока,,12,7,0,1,2026-10-02 23:46:03,67,,86,absent_20.1h_over_4_runs,0
3/4|Дніпро-Головний|Ужгород|@20261002-1915,3/4|Дніпро-Головний|Ужгород|,3/4,,Дніпро-Головний,Ужгород,both,2026-10-02 19:15:58,2026-10-02 19:15:58,1,67,67,67,В дорозі,Висока,,15,5,0,1,2026-10-02 23:46:03,67,,86,route_reset_14->5,0
233/234|Кривий Ріг-Головний|Чернівці|@20261002-1915,233/234|Кривий Ріг-Головний|Чернівці|,233/234,,Кривий Ріг-Головний,Чернівці,transit,2026-10-02 19:15:58,2026-10-03 07:03:21,4,107,107,36,В дорозі,Висока,,14,10,0,1,2026-10-03 12:50:57,107,,113,first_seen,1
293/294|Кривий Ріг-Головний|Рахів|@20261002-1915,293/294|Кривий Ріг-Головний|Рахів|,293/294,,Кривий Ріг-Головний,Рахів,transit,2026-10-02 19:15:58,2026-10-03 12:50:57,5,111,111,36,В дорозі,Висока,,21,19,0,1,2026-10-03 17:30:27,111,,115,first_seen,1
63/64|Перемишль|Харків-Пас.|@20261002-1915,63/64|Перемишль|Харків-Пас.|,63/64,,Перемишль,Харків-Пас.,both,2026-10-02 19:15:58,2026-10-02 19:15:58,1,34,34,34,В дорозі,Висока,,11,3,0,1,2026-10-02 23:46:03,34,,15,absent_56.8h_over_11_runs,0
117/118|Жмеринка-Пас.|Київ-Пас.|@20261002-1915,117/118|Жмеринка-Пас.|Київ-Пас.|,117/118,,Жмеринка-Пас.,Київ-Пас.,both,2026-10-02 19:15:58,2026-10-02 19:15:58,1,34,34,34,В дорозі,Висока,,8,5,0,1,2026-10-02 23:46:03,34,,34,first_seen,0
9/10|Будапешт-Келеті|Київ-Пас.|@20261002-1915,9/10|Будапешт-Келеті|Київ-Пас.|,9/10,,Будапешт-Келеті,Київ-Пас.,both,2026-10-02 19:15:58,2026-10-02 19:15:58,1,29,29,29,В дорозі,Висока,,5,4,0,1,2026-10-02 23:46:03,29,,22,absent_41.4h_over_8_runs,0
37/38|Запоріжжя-1|Київ-Пас.|@20261002-2346,37/38|Запоріжжя-1|Київ-Пас.|,37/38,,Запоріжжя-1,Київ-Пас.,both,2026-10-02 23:46:03,2026-10-03 03:00:08,2,78,92,78,В дорозі,Висока,,8,6,0,1,2026-10-03 07:03:21,78,,109,absent_10.7h_over_2_runs,0
103/104|Берестин|Львів|@20261002-2346,103/104|Берестин|Львів|,103/104,,Берестин,Львів,both,2026-10-02 23:46:03,2026-10-03 07:03:21,3,26,91,26,В дорозі,Висока,,17,13,0,1,2026-10-03 12:50:57,26,,98,absent_43.0h_over_8_runs,1
85/86|Львів|Дніпро-Головний|@20261002-2346,85/86|Львів|Дніпро-Головний|,85/86,,Львів,Дніпро-Головний,both,2026-10-02 23:46:03,2026-10-03 07:03:21,3,47,47,44,В дорозі,Висока,,29,24,0,1,2026-10-03 12:50:57,47,,53,absent_4.5h_over_1_runs,1
41/42|Трускавець|Дніпро-Головний|@20261002-2346,41/42|Трускавець|Дніпро-Головний|,41/42,,Трускавець,Дніпро-Головний,both,2026-10-02 23:46:03,2026-10-03 07:03:21,3,47,47,44,В дорозі,Висока,,31,26,0,1,2026-10-03 17:30:27,47,,53,absent_4.5h_over_1_runs,1
35/36|Одеса-Головна|Перемишль|@20261002-2346,35/36|Одеса-Головна|Перемишль|,35/36,,Одеса-Головна,Перемишль,both,2026-10-02 23:46:03,2026-10-03 12:50:57,4,94,126,41,В дорозі,Висока,,17,16,0,1,2026-10-03 17:30:27,94,,152,first_seen,1
11/12|Одеса-Головна|Львів|@20261002-2346,11/12|Одеса-Головна|Львів|,11/12,,Одеса-Головна,Львів,both,2026-10-02 23:46:03,2026-10-03 07:03:21,3,126,126,41,В дорозі,Висока,,15,12,0,1,2026-10-03 12:50:57,126,,152,first_seen,1
107/108|Київ-Пас.|Солотвино-1|@20261002-2346,107/108|Київ-Пас.|Солотвино-1|,107/108,,Київ-Пас.,Солотвино-1,both,2026-10-02 23:46:03,2026-10-03 03:00:08,2,16,30,16,В дорозі,Висока,,27,13,0,1,2026-10-03 07:03:21,16,,30,first_seen,0
129/130|Полтава-Півд.|Мукачево|@20261002-2346,129/130|Полтава-Півд.|Мукачево|,129/130,,Полтава-Півд.,Мукачево,both,2026-10-02 23:46:03,2026-10-03 03:00:08,2,36,36,28,В дорозі,Висока,,20,11,0,1,2026-10-03 07:03:21,36,,72,absent_29.7h_over_6_runs,0
69/70|Кременчук-Пас.|Перемишль|@20261002-2346,69/70|Кременчук-Пас.|Перемишль|,69/70,,Кременчук-Пас.,Перемишль,transit,2026-10-02 23:46:03,2026-10-03 03:00:08,2,36,36,28,В дорозі,Висока,,17,12,0,1,2026-10-03 12:50:57,36,,42,absent_29.7h_over_6_runs,0
131/132|Кременчук-Пас.|Мукачево|@20261002-2346,131/132|Кременчук-Пас.|Мукачево|,131/132,,Кременчук-Пас.,Мукачево,transit,2026-10-02 23:46:03,2026-10-03 03:00:08,2,36,36,28,В дорозі,Висока,,21,12,0,1,2026-10-03 07:03:21,36,,42,absent_29.7h_over_6_runs,0
105/106|Одеса-Головна|Київ-Пас.|@20261003-0300,105/106|Одеса-Головна|Київ-Пас.|,105/106,,Одеса-Головна,Київ-Пас.,both,2026-10-03 03:00:08,2026-10-03 07:03:21,2,108,108,78,В дорозі,Висока,,13,12,0,1,2026-10-03 12:50:57,108,,111,first_seen,1
63/64|Перемишль|Харків-Пас.|@20261003-0703,63/64|Перемишль|Харків-Пас.|,63/64,,Перемишль,Харків-Пас.,both,2026-10-03 07:03:21,2026-10-03 07:03:21,1,95,95,95,В дорозі,Висока,,12,10,0,1,2026-10-03 17:30:27,95,,24,absent_7.3h_over_2_runs,0
3/4|Ужгород|Дніпро-Головний|@20261003-0703,3/4|Ужгород|Дніпро-Головний|,3/4,,Ужгород,Дніпро-Головний,both,2026-10-03 07:03:21,2026-10-03 12:50:57,2,89,89,75,В дорозі,Висока,,16,14,0,1,2026-10-03 17:30:27,89,,89,absent_11.8h_over_3_runs,1
31/32|Перемишль|Запоріжжя-1|@20261003-0703,31/32|Перемишль|Запоріжжя-1|,31/32,,Перемишль,Запоріжжя-1,transit,2026-10-03 07:03:21,2026-10-03 12:50:57,2,89,89,75,В дорозі,Висока,,12,10,0,1,2026-10-03 17:30:27,89,,89,absent_11.8h_over_3_runs,1
23/24|Київ-Пас.|Хелм|@20261003-0703,23/24|Київ-Пас.|Хелм|,23/24,,Київ-Пас.,Хелм,both,2026-10-03 07:03:21,2026-10-03 07:03:21,1,72,72,72,В дорозі,Висока,,5,4,0,1,2026-10-03 12:50:57,72,,80,absent_44.2h_over_9_runs,0
127/128|Львів|Дніпро-Головний|@20261003-0703,127/128|Львів|Дніпро-Головний|,127/128,,Львів,Дніпро-Головний,both,2026-10-03 07:03:21,2026-10-03 07:03:21,1,71,71,71,В дорозі,Висока,,30,26,0,1,2026-10-03 12:50:57,71,,73,first_seen,0
67/68|Київ-Пас.|Варшава Заходня|@20261003-0703,67/68|Київ-Пас.|Варшава Заходня|,67/68,,Київ-Пас.,Варшава Заходня,both,2026-10-03 07:03:21,2026-10-03 07:03:21,1,70,70,70,В дорозі,Висока,,4,3,0,1,2026-10-03 12:50:57,70,,3,first_seen,0
31/32|Запоріжжя-1|Перемишль|@20261003-0703,31/32|Запоріжжя-1|Перемишль|,31/32,,Запоріжжя-1,Перемишль,transit,2026-10-03 07:03:21,2026-10-03 07:03:21,1,67,67,67,В дорозі,Висока,,14,13,0,1,2026-10-03 12:50:57,67,,86,absent_7.3h_over_2_runs,0
3/4|Дніпро-Головний|Ужгород|@20261003-0703,3/4|Дніпро-Головний|Ужгород|,3/4,,Дніпро-Головний,Ужгород,both,2026-10-03 07:03:21,2026-10-03 12:50:57,2,85,85,67,В дорозі,Висока,,17,16,0,1,2026-10-03 17:30:27,85,,96,absent_7.3h_over_2_runs,1
81/82|Ужгород|Київ-Пас.|@20261003-0703,81/82|Ужгород|Київ-Пас.|,81/82,,Ужгород,Київ-Пас.,both,2026-10-03 07:03:21,2026-10-03 07:03:21,1,62,62,62,В дорозі,Висока,,13,12,0,1,2026-10-03 12:50:57,62,,63,absent_18.0h_over_4_runs,0
89/90|Перемишль|Київ-Пас.|@20261003-0703,89/90|Перемишль|Київ-Пас.|,89/90,,Перемишль,Київ-Пас.,both,2026-10-03 07:03:21,2026-10-03 07:03:21,1,62,62,62,В дорозі,Висока,,6,5,0,1,2026-10-03 12:50:57,62,,63,absent_44.2h_over_9_runs,0
87/88|Ковель-Пас.|Дніпро-Головний|@20261003-0703,87/88|Ковель-Пас.|Дніпро-Головний|,87/88,,Ковель-Пас.,Дніпро-Головний,both,2026-10-03 07:03:21,2026-10-03 12:50:57,2,76,76,59,В дорозі,Висока,,29,29,1,1,2026-10-03 17:30:27,76,77,78,absent_44.2h_over_9_runs,1
93/94|Харків-Пас.|Хелм|@20261003-0703,93/94|Харків-Пас.|Хелм|,93/94,,Харків-Пас.,Хелм,both,2026-10-03 07:03:21,2026-10-03 12:50:57,2,83,83,53,В дорозі,Висока,,10,9,0,1,2026-10-03 17:30:27,83,,54,absent_57.0h_over_12_runs,1
51/52|Перемишль|Київ-Пас.|@20261003-0703,51/52|Перемишль|Київ-Пас.|,51/52,,Перемишль,Київ-Пас.,both,2026-10-03 07:03:21,2026-10-03 07:03:21,1,49,49,49,В дорозі,Висока,,3,2,0,1,2026-10-03 12:50:57,49,,44,first_seen,0
57/58|Ясіня|Київ-Пас.|@20261003-0703,57/58|Ясіня|Київ-Пас.|,57/58,,Ясіня,Київ-Пас.,both,2026-10-03 07:03:21,2026-10-03 07:03:21,1,49,49,49,В дорозі,Висока,,20,19,0,1,2026-10-03 12:50:57,49,,50,absent_57.0h_over_12_runs,0
59/60|Чоп|Київ-Пас.|@20261003-0703,59/60|Чоп|Київ-Пас.|,59/60,,Чоп,Київ-Пас.,both,2026-10-03 07:03:21,2026-10-03 07:03:21,1,49,49,49,В дорозі,Висока,,21,20,0,1,2026-10-03 12:50:57,49,,50,first_seen,0
91/92|Київ-Пас.|Львів|@20261003-0703,91/92|Київ-Пас.|Львів|,91/92,,Київ-Пас.,Львів,both,2026-10-03 07:03:21,2026-10-03 07:03:21,1,49,49,49,В дорозі,Висока,,4,2,0,1,2026-10-03 12:50:57,49,,27,first_seen,0
53/54|Дніпро-Головний|Одеса-Головна|@20261003-0703,53/54|Дніпро-Головний|Одеса-Головна|,53/54,,Дніпро-Головний,Одеса-Головна,both,2026-10-03 07:03:21,2026-10-03 07:03:21,1,48,48,48,В дорозі,Висока,,11,10,0,1,2026-10-03 12:50:57,48,,103,first_seen,0
253/254|Кривий Ріг-Головний|Одеса-Головна|@20261003-0703,253/254|Кривий Ріг-Головний|Одеса-Головна|,253/254,,Кривий Ріг-Головний,Одеса-Головна,both,2026-10-03 07:03:21,2026-10-03 07:03:21,1,48,48,48,В дорозі,Висока,,10,9,0,1,2026-10-03 12:50:57,48,,103,first_seen,0
97/98|Київ-Пас.|Ковель-Пас.|@20261003-0703,97/98|Київ-Пас.|Ковель-Пас.|,97/98,,Київ-Пас.,Ковель-Пас.,both,2026-10-03 07:03:21,2026-10-03 07:03:21,1,48,48,48,В дорозі,Висока,,16,11,0,1,2026-10-03 12:50:57,48,,49,absent_24.4h_over_5_runs,0
29/30|Київ-Пас.|Ужгород|@20261003-0703,29/30|Київ-Пас.|Ужгород|,29/30,,Київ-Пас.,Ужгород,both,2026-10-03 07:03:21,2026-10-03 07:03:21,1,45,45,45,В дорозі,Висока,,8,5,0,1,2026-10-03 12:50:57,45,,46,absent_18.0h_over_4_runs,0
21/22|Львів|Харків-Пас.|@20261003-0703,21/22|Львів|Харків-Пас.|,21/22,,Львів,Харків-Пас.,both,2026-10-03 07:03:21,2026-10-03 07:03:21,1,39,39,39,В дорозі,Висока,,14,11,0,1,2026-10-03 12:50:57,39,,67,absent_44.2h_over_9_runs,0
95/96|Рахів|Київ-Пас.|@20261003-0703,95/96|Рахів|Київ-Пас.|,95/96,,Рахів,Київ-Пас.,endpoint,2026-10-03 07:03:21,2026-10-03 07:03:21,1,39,39,39,В дорозі,Висока,,0,0,0,1,2026-10-03 12:50:57,39,,,absent_37.0h_over_8_runs,0
27/28|Чоп|Київ-Пас.|@20261003-0703,27/28|Чоп|Київ-Пас.|,27/28,,Чоп,Київ-Пас.,endpoint,2026-10-03 07:03:21,2026-10-03 07:03:21,1,39,39,39,В дорозі,Висока,,0,0,0,1,2026-10-03 12:50:57,39,,,absent_37.0h_over_8_runs,0
67/68|Київ-Пас.|Варшава|02.10@20261003-1250,67/68|Київ-Пас.|Варшава|02.10,67/68,02.10,Київ-Пас.,Варшава,both,2026-10-03 12:50:57,2026-10-03 12:50:57,1,150,150,150,В дорозі,Середня,,4,3,0,1,2026-10-03 17:30:27,150,,3,first_seen,0
69/70|Кременчук-Пас.|Перемишль|@20261003-1250,69/70|Кременчук-Пас.|Перемишль|,69/70,,Кременчук-Пас.,Перемишль,transit,2026-10-03 12:50:57,2026-10-03 12:50:57,1,94,94,94,В дорозі,Висока,,17,16,0,1,2026-10-03 17:30:27,94,,42,absent_5.8h_over_1_runs,0
763/764|Одеса-Головна|Київ-Пас.|@20261003-1250,763/764|Одеса-Головна|Київ-Пас.|,763/764,,Одеса-Головна,Київ-Пас.,both,2026-10-03 12:50:57,2026-10-03 12:50:57,1,76,76,76,В дорозі,Висока,,10,6,0,1,2026-10-03 17:30:27,76,,79,first_seen,0
81/82|Київ-Пас.|Ужгород|@20261003-1250,81/82|Київ-Пас.|Ужгород|,81/82,,Київ-Пас.,Ужгород,both,2026-10-03 12:50:57,2026-10-03 12:50:57,1,54,54,54,В дорозі,Висока,,13,12,0,1,2026-10-03 17:30:27,54,,58,absent_56.1h_over_11_runs,0
705/706|Перемишль|Київ-Пас.|@20261003-1250,705/706|Перемишль|Київ-Пас.|,705/706,,Перемишль,Київ-Пас.,both,2026-10-03 12:50:57,2026-10-03 17:30:27,2,77,77,54,В дорозі,Висока,,7,6,0,1,2026-10-03 21:06:42,77,,78,absent_17.6h_over_4_runs,1
9/10|Будапешт-Келеті|Київ-Пас.|@20261003-1250,9/10|Будапешт-Келеті|Київ-Пас.|,9/10,,Будапешт-Келеті,Київ-Пас.,both,2026-10-03 12:50:57,2026-10-03 17:30:27,2,58,58,53,В дорозі,Висока,,6,5,0,1,2026-10-03 21:06:42,58,,75,absent_13.1h_over_3_runs,1
113/114|Харків-Пас.|Ужгород|@20261003-1250,113/114|Харків-Пас.|Ужгород|,113/114,,Харків-Пас.,Ужгород,both,2026-10-03 12:50:57,2026-10-03 12:50:57,1,42,42,42,В дорозі,Висока,,42,12,0,1,2026-10-03 17:30:27,42,,57,absent_56.1h_over_11_runs,0
119/120|Хелм|Дніпро-Головний|@20261003-1250,119/120|Хелм|Дніпро-Головний|,119/120,,Хелм,Дніпро-Головний,both,2026-10-03 12:50:57,2026-10-04 05:52:27,6,39,128,39,В дорозі,Висока,,14,11,0,1,2026-10-04 12:15:20,39,,129,first_seen,1
3/4|Дніпро-Головний|Ужгород|03.10@20261003-1730,3/4|Дніпро-Головний|Ужгород|03.10,3/4,03.10,Дніпро-Головний,Ужгород,both,2026-10-03 17:30:27,2026-10-03 21:06:42,2,154,154,125,В дорозі,Висока,,15,5,0,1,2026-10-04 00:12:55,154,,125,first_seen,0
31/32|Запоріжжя-1|Перемишль|03.10@20261003-1730,31/32|Запоріжжя-1|Перемишль|03.10,31/32,03.10,Запоріжжя-1,Перемишль,transit,2026-10-03 17:30:27,2026-10-03 21:06:42,2,154,154,125,В дорозі,Висока,,12,7,0,1,2026-10-04 00:12:55,154,,125,first_seen,0
119/120|Дніпро-Головний|Хелм|@20261003-1730,119/120|Дніпро-Головний|Хелм|,119/120,,Дніпро-Головний,Хелм,both,2026-10-03 17:30:27,2026-10-03 17:30:27,1,71,71,71,В дорозі,Висока,,17,16,0,1,2026-10-03 21:06:42,71,,28,first_seen,0
749/750|Ужгород|Київ-Пас.|@20261003-1730,749/750|Ужгород|Київ-Пас.|,749/750,,Ужгород,Київ-Пас.,both,2026-10-03 17:30:27,2026-10-03 17:30:27,1,63,63,63,В дорозі,Висока,,7,6,0,1,2026-10-03 21:06:42,63,,27,absent_22.2h_over_5_runs,0
749/750|Київ-Пас.|Ужгород|@20261003-1730,749/750|Київ-Пас.|Ужгород|,749/750,,Київ-Пас.,Ужгород,both,2026-10-03 17:30:27,2026-10-04 00:12:55,3,59,59,48,В дорозі,Висока,,8,7,0,1,2026-10-04 02:46:11,59,,60,absent_14.5h_over_3_runs,0
63/64|Харків-Пас.|Перемишль|@20261003-1730,63/64|Харків-Пас.|Перемишль|,63/64,,Харків-Пас.,Перемишль,both,2026-10-03 17:30:27,2026-10-03 17:30:27,1,48,48,48,В дорозі,Висока,,12,11,0,1,2026-10-03 21:06:42,48,,44,first_seen,0
41/42|Трускавець|Дніпро-Головний|@20261003-1730,41/42|Трускавець|Дніпро-Головний|,41/42,,Трускавець,Дніпро-Головний,both,2026-10-03 17:30:27,2026-10-04 05:52:27,5,37,47,30,В дорозі,Висока,,30,22,0,1,2026-10-04 12:15:20,37,,47,absent_4.7h_over_1_runs,0
63/64|Перемишль|Харків-Пас.|@20261003-1730,63/64|Перемишль|Харків-Пас.|,63/64,,Перемишль,Харків-Пас.,both,2026-10-03 17:30:27,2026-10-04 02:46:11,4,39,71,36,В дорозі,Висока,,11,8,0,1,2026-10-04 05:52:27,39,,95,absent_4.7h_over_1_runs,0
261/262|Дніпро-Головний|Чернівці|@20261003-1730,261/262|Дніпро-Головний|Чернівці|,261/262,,Дніпро-Головний,Чернівці,both,2026-10-03 17:30:27,2026-10-04 05:52:27,5,95,95,34,В дорозі,Висока,,16,11,0,1,2026-10-04 12:15:20,95,,75,first_seen,0
61/62|Дніпро-Головний|Івано-Франківськ|@20261003-1730,61/62|Дніпро-Головний|Івано-Франківськ|,61/62,,Дніпро-Головний,Івано-Франківськ,both,2026-10-03 17:30:27,2026-10-04 05:52:27,5,95,95,34,В дорозі,Висока,,13,11,0,1,2026-10-04 12:15:20,95,,75,first_seen,0
37/38|Одеса-Головна|Ужгород|@20261003-2106,37/38|Одеса-Головна|Ужгород|,37/38,,Одеса-Головна,Ужгород,both,2026-10-03 21:06:42,2026-10-04 00:12:55,2,44,67,44,В дорозі,Висока,,25,8,0,1,2026-10-04 02:46:11,44,,71,first_seen,0
791/792|Київ-Пас.|Кременчук-Пас.|@20261003-2106,791/792|Київ-Пас.|Кременчук-Пас.|,791/792,,Київ-Пас.,Кременчук-Пас.,both,2026-10-03 21:06:42,2026-10-03 21:06:42,1,52,52,52,В дорозі,Висока,,6,4,0,1,2026-10-04 00:12:55,52,,5,first_seen,0
789/790|Київ-Пас.|Кропивницький|@20261003-2106,789/790|Київ-Пас.|Кропивницький|,789/790,,Київ-Пас.,Кропивницький,both,2026-10-03 21:06:42,2026-10-03 21:06:42,1,52,52,52,В дорозі,Висока,,9,4,0,1,2026-10-04 00:12:55,52,,5,first_seen,0
121/122|Миколаїв Пас.|Київ-Пас.|@20261003-2106,121/122|Миколаїв Пас.|Київ-Пас.|,121/122,,Миколаїв Пас.,Київ-Пас.,both,2026-10-03 21:06:42,2026-10-03 21:06:42,1,50,50,50,В дорозі,Висока,,22,7,0,1,2026-10-04 00:12:55,50,,49,absent_14.1h_over_3_runs,0
731/732|Дніпро-Головний|Київ-Пас.|@20261003-2106,731/732|Дніпро-Головний|Київ-Пас.|,731/732,,Дніпро-Головний,Київ-Пас.,both,2026-10-03 21:06:42,2026-10-04 00:12:55,2,112,112,48,В дорозі,Висока,,9,8,0,1,2026-10-04 02:46:11,112,,50,first_seen,0
733/734|Київ-Пас.|Дніпро-Головний|@20261003-2106,733/734|Київ-Пас.|Дніпро-Головний|,733/734,,Київ-Пас.,Дніпро-Головний,both,2026-10-03 21:06:42,2026-10-03 21:06:42,1,45,45,45,В дорозі,Висока,,8,5,0,1,2026-10-04 00:12:55,45,,45,first_seen,0
743/744|Львів|Дарниця|@20261003-2106,743/744|Львів|Дарниця|,743/744,,Львів,Дарниця,both,2026-10-03 21:06:42,2026-10-03 21:06:42,1,43,43,43,В дорозі,Висока,,5,3,0,1,2026-10-04 00:12:55,43,,1,first_seen,0
25/26|Ясіня|Одеса-Головна|@20261003-2106,25/26|Ясіня|Одеса-Головна|,25/26,,Ясіня,Одеса-Головна,both,2026-10-03 21:06:42,2026-10-04 02:46:11,3,39,42,39,В дорозі,Висока,,26,16,0,1,2026-10-04 05:52:27,39,,45,first_seen,0
85/86|Дніпро-Головний|Львів|@20261003-2106,85/86|Дніпро-Головний|Львів|,85/86,,Дніпро-Головний,Львів,both,2026-10-03 21:06:42,2026-10-04 05:52:27,4,80,80,34,В дорозі,Висока,,27,20,0,1,2026-10-04 17:47:46,80,,81,absent_8.3h_over_2_runs,0
41/42|Дніпро-Головний|Трускавець|@20261003-2106,41/42|Дніпро-Головний|Трускавець|,41/42,,Дніпро-Головний,Трускавець,endpoint,2026-10-03 21:06:42,2026-10-04 17:47:46,6,54,80,34,В дорозі,Висока,,0,0,0,1,2026-10-04 21:24:00,54,,81,route_reset_27->8,1
85/86|Львів|Дніпро-Головний|@20261003-2106,85/86|Львів|Дніпро-Головний|,85/86,,Львів,Дніпро-Головний,both,2026-10-03 21:06:42,2026-10-04 05:52:27,4,37,37,30,В дорозі,Висока,,28,20,0,1,2026-10-04 12:15:20,37,,43,absent_8.3h_over_2_runs,0
127/128|Дніпро-Головний|Львів|@20261003-2106,127/128|Дніпро-Головний|Львів|,127/128,,Дніпро-Головний,Львів,both,2026-10-03 21:06:42,2026-10-04 00:12:55,2,35,35,32,В дорозі,Висока,,28,9,0,1,2026-10-04 02:46:11,35,,34,absent_25.8h_over_6_runs,0
43/44|Черкаси|Івано-Франківськ|@20261004-0012,43/44|Черкаси|Івано-Франківськ|,43/44,,Черкаси,Івано-Франківськ,transit,2026-10-04 00:12:55,2026-10-04 12:15:20,4,180,180,115,В дорозі,Висока,,15,15,1,1,2026-10-04 17:47:46,180,184,184,first_seen,1
1/2|Харків-Пас.|Рахів|@20261004-0012,1/2|Харків-Пас.|Рахів|,1/2,,Харків-Пас.,Рахів,both,2026-10-04 00:12:55,2026-10-05 08:35:31,9,76,170,60,В дорозі,Висока,,13,8,0,1,2026-10-05 15:39:32,76,,171,absent_11.4h_over_3_runs,1
17/18|Харків-Пас.|Ужгород|@20261004-0012,17/18|Харків-Пас.|Ужгород|,17/18,,Харків-Пас.,Ужгород,both,2026-10-04 00:12:55,2026-10-04 05:52:27,3,138,138,92,В дорозі,Висока,,12,7,0,1,2026-10-04 12:15:20,138,,21,absent_35.2h_over_8_runs,0
113/114|Ужгород|Харків-Пас.|@20261004-0012,113/114|Ужгород|Харків-Пас.|,113/114,,Ужгород,Харків-Пас.,both,2026-10-04 00:12:55,2026-10-04 05:52:27,3,104,120,76,В дорозі,Висока,,42,41,0,1,2026-10-04 12:15:20,104,,132,first_seen,0
105/106|Київ-Пас.|Одеса-Головна|@20261004-0012,105/106|Київ-Пас.|Одеса-Головна|,105/106,,Київ-Пас.,Одеса-Головна,both,2026-10-04 00:12:55,2026-10-04 05:52:27,3,58,74,58,В дорозі,Висока,,13,10,0,1,2026-10-04 12:15:20,58,,74,first_seen,0
23/24|Київ-Пас.|Хелм|@20261004-0012,23/24|Київ-Пас.|Хелм|,23/24,,Київ-Пас.,Хелм,both,2026-10-04 00:12:55,2026-10-04 02:46:11,2,46,63,46,В дорозі,Висока,,5,3,0,1,2026-10-04 05:52:27,46,,54,absent_11.4h_over_3_runs,0
103/104|Берестин|Львів|@20261004-0012,103/104|Берестин|Львів|,103/104,,Берестин,Львів,both,2026-10-04 00:12:55,2026-10-04 02:46:11,2,63,63,62,В дорозі,Висока,,17,11,0,1,2026-10-04 05:52:27,63,,62,absent_11.4h_over_3_runs,0
3/4|Дніпро-Головний|Ужгород|03.10@20261004-0012,3/4|Дніпро-Головний|Ужгород|03.10,3/4,03.10,Дніпро-Головний,Ужгород,both,2026-10-04 00:12:55,2026-10-04 12:15:20,4,140,140,61,В дорозі,Висока,,15,13,0,1,2026-10-04 17:47:46,140,,147,delay_drop_93,1
31/32|Запоріжжя-1|Перемишль|03.10@20261004-0012,31/32|Запоріжжя-1|Перемишль|03.10,31/32,03.10,Запоріжжя-1,Перемишль,transit,2026-10-04 00:12:55,2026-10-04 12:15:20,4,190,190,61,В дорозі,Висока,,14,13,0,1,2026-10-04 17:47:46,190,,198,delay_drop_93,1
27/28|Чоп|Київ-Пас.|@20261004-0012,27/28|Чоп|Київ-Пас.|,27/28,,Чоп,Київ-Пас.,both,2026-10-04 00:12:55,2026-10-04 05:52:27,3,41,55,41,В дорозі,Висока,,5,3,0,1,2026-10-04 12:15:20,41,,58,absent_11.4h_over_3_runs,0
25/26|Одеса-Головна|Ясіня|@20261004-0012,25/26|Одеса-Головна|Ясіня|,25/26,,Одеса-Головна,Ясіня,both,2026-10-04 00:12:55,2026-10-04 05:52:27,3,32,53,32,В дорозі,Висока,,25,15,0,1,2026-10-04 12:15:20,32,,55,first_seen,0
135/136|Одеса-Головна|Чернівці|@20261004-0012,135/136|Одеса-Головна|Чернівці|,135/136,,Одеса-Головна,Чернівці,both,2026-10-04 00:12:55,2026-10-04 05:52:27,3,32,53,32,В дорозі,Висока,,22,15,0,1,2026-10-04 12:15:20,32,,55,first_seen,0
97/98|Київ-Пас.|Ковель-Пас.|@20261004-0012,97/98|Київ-Пас.|Ковель-Пас.|,97/98,,Київ-Пас.,Ковель-Пас.,both,2026-10-04 00:12:55,2026-10-04 02:46:11,2,68,68,49,В дорозі,Висока,,16,2,0,1,2026-10-04 05:52:27,68,,62,absent_11.4h_over_3_runs,0
87/88|Дніпро-Головний|Ковель-Пас.|@20261004-0012,87/88|Дніпро-Головний|Ковель-Пас.|,87/88,,Дніпро-Головний,Ковель-Пас.,both,2026-10-04 00:12:55,2026-10-04 02:46:11,2,37,48,37,В дорозі,Висока,,33,15,0,1,2026-10-04 05:52:27,37,,48,first_seen,0
75/76|Київ-Пас.|Кривий Ріг-Головний|@20261004-0012,75/76|Київ-Пас.|Кривий Ріг-Головний|,75/76,,Київ-Пас.,Кривий Ріг-Головний,both,2026-10-04 00:12:55,2026-10-04 05:52:27,3,43,45,35,В дорозі,Висока,,9,8,0,1,2026-10-04 12:15:20,43,,40,first_seen,0
135/136|Чернівці|Одеса-Головна|@20261004-0012,135/136|Чернівці|Одеса-Головна|,135/136,,Чернівці,Одеса-Головна,both,2026-10-04 00:12:55,2026-10-04 02:46:11,2,39,42,39,В дорозі,Висока,,22,12,0,1,2026-10-04 05:52:27,39,,45,first_seen,0
51/52|Київ-Пас.|Перемишль|@20261004-0012,51/52|Київ-Пас.|Перемишль|,51/52,,Київ-Пас.,Перемишль,both,2026-10-04 00:12:55,2026-10-04 05:52:27,3,66,66,39,В дорозі,Висока,,4,3,0,1,2026-10-04 12:15:20,66,,54,first_seen,0
93/94|Харків-Пас.|Хелм|@20261004-0012,93/94|Харків-Пас.|Хелм|,93/94,,Харків-Пас.,Хелм,both,2026-10-04 00:12:55,2026-10-05 08:35:31,8,45,70,37,В дорозі,Висока,,8,7,0,1,2026-10-05 15:39:32,45,,98,absent_6.7h_over_2_runs,1
7/8|Одеса-Головна|Харків-Пас.|@20261004-0012,7/8|Одеса-Головна|Харків-Пас.|,7/8,,Одеса-Головна,Харків-Пас.,both,2026-10-04 00:12:55,2026-10-04 00:12:55,1,34,34,34,В дорозі,Висока,,8,2,0,1,2026-10-04 02:46:11,34,,31,first_seen,0
253/254|Одеса-Головна|Кривий Ріг-Головний|@20261004-0012,253/254|Одеса-Головна|Кривий Ріг-Головний|,253/254,,Одеса-Головна,Кривий Ріг-Головний,both,2026-10-04 00:12:55,2026-10-04 02:46:11,2,32,32,31,В дорозі,Висока,,10,3,0,1,2026-10-04 05:52:27,32,,29,first_seen,0
53/54|Одеса-Головна|Дніпро-Головний|@20261004-0012,53/54|Одеса-Головна|Дніпро-Головний|,53/54,,Одеса-Головна,Дніпро-Головний,both,2026-10-04 00:12:55,2026-10-04 02:46:11,2,31,31,31,В дорозі,Висока,,11,3,0,1,2026-10-04 05:52:27,31,,29,first_seen,0
27/28|Київ-Пас.|Чоп|@20261004-0012,27/28|Київ-Пас.|Чоп|,27/28,,Київ-Пас.,Чоп,both,2026-10-04 00:12:55,2026-10-04 05:52:27,3,67,67,31,В дорозі,Висока,,5,3,0,1,2026-10-04 12:15:20,67,,55,first_seen,0
29/30|Київ-Пас.|Ужгород|@20261004-0012,29/30|Київ-Пас.|Ужгород|,29/30,,Київ-Пас.,Ужгород,both,2026-10-04 00:12:55,2026-10-04 05:52:27,3,79,79,31,В дорозі,Висока,,8,3,0,1,2026-10-04 12:15:20,79,,55,absent_11.4h_over_3_runs,0
37/38|Запоріжжя-1|Київ-Пас.|@20261004-0012,37/38|Запоріжжя-1|Київ-Пас.|,37/38,,Запоріжжя-1,Київ-Пас.,both,2026-10-04 00:12:55,2026-10-04 00:12:55,1,29,29,29,В дорозі,Висока,,8,4,0,1,2026-10-04 02:46:11,29,,2,absent_17.2h_over_4_runs,0
79/80|Львів|Дніпро-Головний|@20261004-0246,79/80|Львів|Дніпро-Головний|,79/80,,Львів,Дніпро-Головний,both,2026-10-04 02:46:11,2026-10-04 05:52:27,2,39,95,39,В дорозі,Висока,,13,10,0,1,2026-10-04 12:15:20,39,,94,first_seen,0
121/122|Київ-Пас.|Миколаїв Пас.|@20261004-0246,121/122|Київ-Пас.|Миколаїв Пас.|,121/122,,Київ-Пас.,Миколаїв Пас.,both,2026-10-04 02:46:11,2026-10-04 02:46:11,1,82,82,82,В дорозі,Висока,,22,4,0,1,2026-10-04 05:52:27,82,,84,first_seen,0
89/90|Київ-Пас.|Перемишль|@20261004-0246,89/90|Київ-Пас.|Перемишль|,89/90,,Київ-Пас.,Перемишль,both,2026-10-04 02:46:11,2026-10-04 12:15:20,3,47,77,47,В дорозі,Висока,,9,8,0,1,2026-10-04 17:47:46,47,,77,first_seen,1
133/134|Київ-Пас.|Кам'янець-Подільський|@20261004-0246,133/134|Київ-Пас.|Кам'янець-Подільський|,133/134,,Київ-Пас.,Кам'янець-Подільський,both,2026-10-04 02:46:11,2026-10-04 05:52:27,2,56,68,56,В дорозі,Висока,,14,8,0,1,2026-10-04 12:15:20,56,,68,first_seen,0
5/6|Запоріжжя-1|Ясіня|03.10@20261004-0246,5/6|Запоріжжя-1|Ясіня|03.10,5/6,03.10,Запоріжжя-1,Ясіня,transit,2026-10-04 02:46:11,2026-10-04 12:15:20,3,48,86,48,В дорозі,Висока,,20,19,0,1,2026-10-04 17:47:46,48,,108,first_seen,1
81/82|Київ-Пас.|Ужгород|@20261004-0246,81/82|Київ-Пас.|Ужгород|,81/82,,Київ-Пас.,Ужгород,both,2026-10-04 02:46:11,2026-10-04 12:15:20,3,80,80,54,В дорозі,Висока,,14,13,0,1,2026-10-04 17:47:46,80,,81,absent_9.3h_over_3_runs,1
51/52|Перемишль|Київ-Пас.|@20261004-0246,51/52|Перемишль|Київ-Пас.|,51/52,,Перемишль,Київ-Пас.,both,2026-10-04 02:46:11,2026-10-04 05:52:27,2,49,49,44,В дорозі,Висока,,3,2,0,1,2026-10-04 12:15:20,49,,41,absent_13.9h_over_4_runs,0
37/38|Київ-Пас.|Запоріжжя-1|@20261004-0246,37/38|Київ-Пас.|Запоріжжя-1|,37/38,,Київ-Пас.,Запоріжжя-1,both,2026-10-04 02:46:11,2026-10-04 05:52:27,2,35,40,35,В дорозі,Висока,,10,5,0,1,2026-10-04 12:15:20,35,,41,absent_37.7h_over_9_runs,0
15/16|Чернівці|Харків-Пас.|@20261004-0246,15/16|Чернівці|Харків-Пас.|,15/16,,Чернівці,Харків-Пас.,both,2026-10-04 02:46:11,2026-10-04 05:52:27,2,87,87,33,В дорозі,Висока,,13,10,0,1,2026-10-04 12:15:20,87,,87,first_seen,0
59/60|Київ-Пас.|Чоп|@20261004-0246,59/60|Київ-Пас.|Чоп|,59/60,,Київ-Пас.,Чоп,both,2026-10-04 02:46:11,2026-10-04 02:46:11,1,31,31,31,В дорозі,Висока,,21,4,0,1,2026-10-04 05:52:27,31,,30,first_seen,0
57/58|Київ-Пас.|Ясіня|@20261004-0246,57/58|Київ-Пас.|Ясіня|,57/58,,Київ-Пас.,Ясіня,both,2026-10-04 02:46:11,2026-10-04 02:46:11,1,30,30,30,В дорозі,Висока,,20,4,0,1,2026-10-04 05:52:27,30,,30,first_seen,0
81/82|Ужгород|Київ-Пас.|@20261004-0246,81/82|Ужгород|Київ-Пас.|,81/82,,Ужгород,Київ-Пас.,both,2026-10-04 02:46:11,2026-10-04 05:52:27,2,59,59,30,В дорозі,Висока,,12,11,0,1,2026-10-04 12:15:20,59,,55,absent_13.9h_over_4_runs,0
21/22|Львів|Харків-Пас.|@20261004-0246,21/22|Львів|Харків-Пас.|,21/22,,Львів,Харків-Пас.,both,2026-10-04 02:46:11,2026-10-04 05:52:27,2,66,66,30,В дорозі,Висока,,14,10,0,1,2026-10-04 12:15:20,66,,28,absent_13.9h_over_4_runs,0
131/132|Мукачево|Кременчук-Пас.|@20261004-0552,131/132|Мукачево|Кременчук-Пас.|,131/132,,Мукачево,Кременчук-Пас.,transit,2026-10-04 05:52:27,2026-10-04 12:15:20,2,160,160,68,В дорозі,Висока,,22,21,0,1,2026-10-04 17:47:46,160,,163,first_seen,1
129/130|Мукачево|Полтава-Півд.|@20261004-0552,129/130|Мукачево|Полтава-Півд.|,129/130,,Мукачево,Полтава-Півд.,both,2026-10-04 05:52:27,2026-10-04 12:15:20,2,160,160,68,В дорозі,Висока,,21,20,0,1,2026-10-04 17:47:46,160,,163,first_seen,1
69/70|Перемишль|Кременчук-Пас.|@20261004-0552,69/70|Перемишль|Кременчук-Пас.|,69/70,,Перемишль,Кременчук-Пас.,transit,2026-10-04 05:52:27,2026-10-04 12:15:20,2,160,160,68,В дорозі,Висока,,18,17,0,1,2026-10-04 17:47:46,160,,163,first_seen,1
91/92|Київ-Пас.|Львів|@20261004-0552,91/92|Київ-Пас.|Львів|,91/92,,Київ-Пас.,Львів,both,2026-10-04 05:52:27,2026-10-04 05:52:27,1,52,52,52,В дорозі,Висока,,5,3,0,1,2026-10-04 12:15:20,52,,47,absent_17.0h_over_5_runs,0
1/2|Рахів|Харків-Пас.|@20261004-0552,1/2|Рахів|Харків-Пас.|,1/2,,Рахів,Харків-Пас.,both,2026-10-04 05:52:27,2026-10-04 12:15:20,2,200,200,52,В дорозі,Висока,,13,12,0,1,2026-10-04 17:47:46,200,,195,first_seen,1
7/8|Київ-Пас.|Чернівці|@20261004-0552,7/8|Київ-Пас.|Чернівці|,7/8,,Київ-Пас.,Чернівці,both,2026-10-04 05:52:27,2026-10-04 05:52:27,1,48,48,48,В дорозі,Висока,,5,2,0,1,2026-10-04 12:15:20,48,,39,first_seen,0
31/32|Перемишль|Запоріжжя-1|@20261004-0552,31/32|Перемишль|Запоріжжя-1|,31/32,,Перемишль,Запоріжжя-1,transit,2026-10-04 05:52:27,2026-10-04 12:15:20,2,51,51,48,В дорозі,Висока,,11,7,0,1,2026-10-04 17:47:46,51,,60,absent_12.4h_over_4_runs,1
3/4|Ужгород|Дніпро-Головний|@20261004-0552,3/4|Ужгород|Дніпро-Головний|,3/4,,Ужгород,Дніпро-Головний,both,2026-10-04 05:52:27,2026-10-04 12:15:20,2,51,51,48,В дорозі,Висока,,14,12,0,1,2026-10-04 17:47:46,51,,60,absent_12.4h_over_4_runs,1
67/68|Київ-Пас.|Варшава Заходня|@20261004-0552,67/68|Київ-Пас.|Варшава Заходня|,67/68,,Київ-Пас.,Варшава Заходня,both,2026-10-04 05:52:27,2026-10-04 12:15:20,2,110,110,46,В дорозі,Висока,,4,3,0,1,2026-10-04 17:47:46,110,,16,absent_17.0h_over_5_runs,1
19/20|Київ-Пас.|Хелм|@20261004-0552,19/20|Київ-Пас.|Хелм|,19/20,,Київ-Пас.,Хелм,both,2026-10-04 05:52:27,2026-10-04 05:52:27,1,46,46,46,В дорозі,Висока,,4,3,0,1,2026-10-04 12:15:20,46,,16,first_seen,0
95/96|Рахів|Київ-Пас.|@20261004-0552,95/96|Рахів|Київ-Пас.|,95/96,,Рахів,Київ-Пас.,both,2026-10-04 05:52:27,2026-10-04 05:52:27,1,41,41,41,В дорозі,Висока,,12,10,0,1,2026-10-04 12:15:20,41,,2,absent_17.0h_over_5_runs,0
7/8|Чернівці|Київ-Пас.|@20261004-0552,7/8|Чернівці|Київ-Пас.|,7/8,,Чернівці,Київ-Пас.,both,2026-10-04 05:52:27,2026-10-04 05:52:27,1,40,40,40,В дорозі,Висока,,8,7,0,1,2026-10-04 12:15:20,40,,15,first_seen,0
95/96|Київ-Пас.|Рахів|@20261004-0552,95/96|Київ-Пас.|Рахів|,95/96,,Київ-Пас.,Рахів,both,2026-10-04 05:52:27,2026-10-04 05:52:27,1,40,40,40,В дорозі,Висока,,9,2,0,1,2026-10-04 12:15:20,40,,32,first_seen,0
103/104|Львів|Берестин|@20261004-0552,103/104|Львів|Берестин|,103/104,,Львів,Берестин,both,2026-10-04 05:52:27,2026-10-04 05:52:27,1,38,38,38,В дорозі,Висока,,17,9,0,1,2026-10-04 12:15:20,38,,6,first_seen,0
29/30|Ужгород|Київ-Пас.|@20261004-0552,29/30|Ужгород|Київ-Пас.|,29/30,,Ужгород,Київ-Пас.,both,2026-10-04 05:52:27,2026-10-04 05:52:27,1,37,37,37,В дорозі,Висока,,9,8,0,1,2026-10-04 12:15:20,37,,15,first_seen,0
97/98|Ковель-Пас.|Київ-Пас.|@20261004-0552,97/98|Ковель-Пас.|Київ-Пас.|,97/98,,Ковель-Пас.,Київ-Пас.,both,2026-10-04 05:52:27,2026-10-04 05:52:27,1,36,36,36,В дорозі,Висока,,15,14,0,1,2026-10-04 12:15:20,36,,30,first_seen,0
59/60|Чоп|Київ-Пас.|@20261004-0552,59/60|Чоп|Київ-Пас.|,59/60,,Чоп,Київ-Пас.,both,2026-10-04 05:52:27,2026-10-04 05:52:27,1,33,33,33,В дорозі,Висока,,22,21,0,1,2026-10-04 12:15:20,33,,36,absent_17.0h_over_5_runs,0
57/58|Ясіня|Київ-Пас.|@20261004-0552,57/58|Ясіня|Київ-Пас.|,57/58,,Ясіня,Київ-Пас.,both,2026-10-04 05:52:27,2026-10-04 05:52:27,1,33,33,33,В дорозі,Висока,,21,20,0,1,2026-10-04 12:15:20,33,,36,absent_17.0h_over_5_runs,0
93/94|Хелм|Харків-Пас.|@20261004-1215,93/94|Хелм|Харків-Пас.|,93/94,,Хелм,Харків-Пас.,both,2026-10-04 12:15:20,2026-10-04 12:15:20,1,200,200,200,В дорозі,Висока,,10,9,0,1,2026-10-04 17:47:46,200,,195,absent_41.0h_over_10_runs,0
749/750|Ужгород|Київ-Пас.|@20261004-1215,749/750|Ужгород|Київ-Пас.|,749/750,,Ужгород,Київ-Пас.,both,2026-10-04 12:15:20,2026-10-04 17:47:46,2,182,182,140,В дорозі,Висока,,7,6,0,1,2026-10-04 21:24:00,182,,164,absent_15.1h_over_4_runs,1
9/10|Будапешт-Келеті|Київ-Пас.|@20261004-1215,9/10|Будапешт-Келеті|Київ-Пас.|,9/10,,Будапешт-Келеті,Київ-Пас.,both,2026-10-04 12:15:20,2026-10-04 21:24:00,3,150,150,110,В дорозі,Висока,,5,4,0,1,2026-10-05 00:44:19,150,,147,absent_15.1h_over_4_runs,1
99/100|Київ-Пас.|Бухарест|@20261004-1215,99/100|Київ-Пас.|Бухарест|,99/100,,Київ-Пас.,Бухарест,endpoint,2026-10-04 12:15:20,2026-10-05 03:10:17,5,110,130,90,В дорозі,Середня,,0,0,0,1,2026-10-05 08:35:31,110,,100,first_seen,1
351/352|Кишинеу|Київ-Пас.|@20261004-1215,351/352|Кишинеу|Київ-Пас.|,351/352,,Кишинеу,Київ-Пас.,both,2026-10-04 12:15:20,2026-10-04 12:15:20,1,70,70,70,В дорозі,Висока,,12,11,0,1,2026-10-04 17:47:46,70,,76,first_seen,0
39/40|Солотвино-1|Запоріжжя-1|@20261004-1215,39/40|Солотвино-1|Запоріжжя-1|,39/40,,Солотвино-1,Запоріжжя-1,,2026-10-04 12:15:20,2026-10-04 12:15:20,1,60,60,60,В дорозі,Висока,,0,0,0,1,2026-10-04 17:47:46,60,,,first_seen,0
5/6|Ясіня|Запоріжжя-1|@20261004-1215,5/6|Ясіня|Запоріжжя-1|,5/6,,Ясіня,Запоріжжя-1,,2026-10-04 12:15:20,2026-10-04 12:15:20,1,60,60,60,В дорозі,Висока,,0,0,0,1,2026-10-04 17:47:46,60,,,first_seen,0
35/36|Одеса-Головна|Перемишль|@20261004-1215,35/36|Одеса-Головна|Перемишль|,35/36,,Одеса-Головна,Перемишль,both,2026-10-04 12:15:20,2026-10-04 12:15:20,1,47,47,47,В дорозі,Висока,,14,13,0,1,2026-10-04 17:47:46,47,,16,absent_18.7h_over_5_runs,0
5/6|Запоріжжя-1|Ясіня|@20261004-1747,5/6|Запоріжжя-1|Ясіня|,5/6,,Запоріжжя-1,Ясіня,transit,2026-10-04 17:47:46,2026-10-04 21:24:00,2,190,190,175,В дорозі,Висока,,16,7,0,1,2026-10-05 00:44:19,190,,250,absent_24.3h_over_6_runs,0
31/32|Запоріжжя-1|Перемишль|@20261004-1747,31/32|Запоріжжя-1|Перемишль|,31/32,,Запоріжжя-1,Перемишль,transit,2026-10-04 17:47:46,2026-10-04 21:24:00,2,240,240,163,В дорозі,Висока,,12,8,0,1,2026-10-05 00:44:19,240,,240,absent_28.9h_over_7_runs,0
39/40|Запоріжжя-1|Солотвино-1|@20261004-1747,39/40|Запоріжжя-1|Солотвино-1|,39/40,,Запоріжжя-1,Солотвино-1,transit,2026-10-04 17:47:46,2026-10-04 21:24:00,2,185,185,144,В дорозі,Висока,,30,9,0,1,2026-10-05 00:44:19,185,,244,absent_20.7h_over_5_runs,0
3/4|Дніпро-Головний|Ужгород|@20261004-1747,3/4|Дніпро-Головний|Ужгород|,3/4,,Дніпро-Головний,Ужгород,both,2026-10-04 17:47:46,2026-10-04 21:24:00,2,233,233,132,В дорозі,Висока,,17,8,0,1,2026-10-05 00:44:19,233,,234,absent_24.3h_over_6_runs,0
99/100|Бухарест|Київ-Пас.|@20261004-1747,99/100|Бухарест|Київ-Пас.|,99/100,,Бухарест,Київ-Пас.,both,2026-10-04 17:47:46,2026-10-04 17:47:46,1,70,70,70,В дорозі,Висока,,8,7,0,1,2026-10-04 21:24:00,70,,72,first_seen,0
109/110|Миколаїв Пас.|Львів|@20261004-1747,109/110|Миколаїв Пас.|Львів|,109/110,,Миколаїв Пас.,Львів,both,2026-10-04 17:47:46,2026-10-04 17:47:46,1,62,62,62,В дорозі,Висока,,24,7,0,1,2026-10-04 21:24:00,62,,82,absent_28.9h_over_7_runs,0
705/706|Перемишль|Київ-Пас.|@20261004-1747,705/706|Перемишль|Київ-Пас.|,705/706,,Перемишль,Київ-Пас.,both,2026-10-04 17:47:46,2026-10-04 17:47:46,1,54,54,54,В дорозі,Висока,,8,7,0,1,2026-10-04 21:24:00,54,,45,absent_20.7h_over_5_runs,0
85/86|Дніпро-Головний|Львів|@20261004-1747,85/86|Дніпро-Головний|Львів|,85/86,,Дніпро-Головний,Львів,endpoint,2026-10-04 17:47:46,2026-10-04 17:47:46,1,54,54,54,В дорозі,Висока,,0,0,0,1,2026-10-04 21:24:00,54,,,absent_5.5h_over_1_runs,0
63/64|Перемишль|Харків-Пас.|@20261004-1747,63/64|Перемишль|Харків-Пас.|,63/64,,Перемишль,Харків-Пас.,both,2026-10-04 17:47:46,2026-10-04 17:47:46,1,49,49,49,В дорозі,Висока,,11,3,0,1,2026-10-04 21:24:00,49,,60,absent_11.9h_over_2_runs,0
37/38|Ужгород|Одеса-Головна|@20261004-1747,37/38|Ужгород|Одеса-Головна|,37/38,,Ужгород,Одеса-Головна,both,2026-10-04 17:47:46,2026-10-04 17:47:46,1,43,43,43,В дорозі,Висока,,23,7,0,1,2026-10-04 21:24:00,43,,52,first_seen,0
9/10|Київ-Пас.|Будапешт-Келеті|@20261004-2124,9/10|Київ-Пас.|Будапешт-Келеті|,9/10,,Київ-Пас.,Будапешт-Келеті,endpoint,2026-10-04 21:24:00,2026-10-05 03:10:17,3,60,60,60,В дорозі,Висока,,0,0,0,1,2026-10-05 08:35:31,60,68,68,absent_32.6h_over_8_runs,0
37/38|Запоріжжя-1|Київ-Пас.|@20261004-2124,37/38|Запоріжжя-1|Київ-Пас.|,37/38,,Запоріжжя-1,Київ-Пас.,both,2026-10-04 21:24:00,2026-10-05 03:10:17,3,100,170,60,В дорозі,Висока,,8,6,0,1,2026-10-05 08:35:31,100,,182,absent_18.6h_over_4_runs,0
121/122|Миколаїв Пас.|Київ-Пас.|@20261004-2124,121/122|Миколаїв Пас.|Київ-Пас.|,121/122,,Миколаїв Пас.,Київ-Пас.,both,2026-10-04 21:24:00,2026-10-04 21:24:00,1,51,51,51,В дорозі,Висока,,21,7,0,1,2026-10-05 00:44:19,51,,52,absent_21.2h_over_5_runs,0
31/32|Запоріжжя-1|Перемишль|@20261005-0044,31/32|Запоріжжя-1|Перемишль|,31/32,,Запоріжжя-1,Перемишль,transit,2026-10-05 00:44:19,2026-10-05 08:35:31,3,150,150,110,В дорозі,Висока,,12,11,0,1,2026-10-05 15:39:32,150,,244,delay_drop_127,1
3/4|Дніпро-Головний|Ужгород|@20261005-0044,3/4|Дніпро-Головний|Ужгород|,3/4,,Дніпро-Головний,Ужгород,both,2026-10-05 00:44:19,2026-10-05 08:35:31,3,137,137,100,В дорозі,Висока,,18,13,0,1,2026-10-05 15:39:32,137,,238,delay_drop_125,1
5/6|Запоріжжя-1|Ясіня|@20261005-0044,5/6|Запоріжжя-1|Ясіня|,5/6,,Запоріжжя-1,Ясіня,transit,2026-10-05 00:44:19,2026-10-05 08:35:31,3,126,126,90,В дорозі,Висока,,16,11,0,1,2026-10-05 15:39:32,126,,250,delay_drop_94,1
39/40|Запоріжжя-1|Солотвино-1|@20261005-0044,39/40|Запоріжжя-1|Солотвино-1|,39/40,,Запоріжжя-1,Солотвино-1,transit,2026-10-05 00:44:19,2026-10-05 08:35:31,3,110,110,80,В дорозі,Висока,,31,14,0,1,2026-10-05 15:39:32,110,,244,delay_drop_90,1
85/86|Львів|Дніпро-Головний|@20261005-0044,85/86|Львів|Дніпро-Головний|,85/86,,Львів,Дніпро-Головний,both,2026-10-05 00:44:19,2026-10-05 08:35:31,3,77,77,58,В дорозі,Висока,,29,26,0,1,2026-10-06 04:30:01,77,,77,absent_12.5h_over_3_runs,1
41/42|Трускавець|Дніпро-Головний|@20261005-0044,41/42|Трускавець|Дніпро-Головний|,41/42,,Трускавець,Дніпро-Головний,both,2026-10-05 00:44:19,2026-10-05 08:35:31,3,77,77,58,В дорозі,Висока,,31,28,0,1,2026-10-06 04:30:01,77,,77,absent_12.5h_over_3_runs,1
21/22|Львів|Харків-Пас.|@20261005-0310,21/22|Львів|Харків-Пас.|,21/22,,Львів,Харків-Пас.,both,2026-10-05 03:10:17,2026-10-05 08:35:31,2,136,136,100,В дорозі,Висока,,15,13,0,1,2026-10-06 04:30:01,136,,139,absent_14.9h_over_4_runs,1
143/144|Рахів|Конотоп-Пас.|@20261005-0835,143/144|Рахів|Конотоп-Пас.|,143/144,,Рахів,Конотоп-Пас.,transit,2026-10-05 08:35:31,2026-10-05 08:35:31,1,77,77,77,В дорозі,Висока,,24,22,0,1,2026-10-05 15:39:32,77,,94,first_seen,0
749/750|Ужгород|Київ-Пас.|@20261005-0835,749/750|Ужгород|Київ-Пас.|,749/750,,Ужгород,Київ-Пас.,both,2026-10-05 08:35:31,2026-10-05 15:39:32,2,94,94,77,В дорозі,Висока,,7,6,0,1,2026-10-06 10:53:07,94,,84,absent_11.2h_over_3_runs,1
51/52|Перемишль|Київ-Пас.|@20261005-0835,51/52|Перемишль|Київ-Пас.|,51/52,,Перемишль,Київ-Пас.,both,2026-10-05 08:35:31,2026-10-05 08:35:31,1,68,68,68,В дорозі,Висока,,3,2,0,1,2026-10-05 15:39:32,68,,43,absent_20.3h_over_5_runs,0
1/2|Рахів|Харків-Пас.|@20261005-0835,1/2|Рахів|Харків-Пас.|,1/2,,Рахів,Харків-Пас.,both,2026-10-05 08:35:31,2026-10-05 08:35:31,1,67,67,67,В дорозі,Висока,,13,11,0,1,2026-10-05 15:39:32,67,,56,absent_14.8h_over_4_runs,0
21/22|Харків-Пас.|Львів|@20261005-0835,21/22|Харків-Пас.|Львів|,21/22,,Харків-Пас.,Львів,both,2026-10-05 08:35:31,2026-10-05 08:35:31,1,55,55,55,В дорозі,Висока,,14,9,0,1,2026-10-05 15:39:32,55,,56,first_seen,0
67/68|Варшава Заходня|Київ-Пас.|@20261005-0835,67/68|Варшава Заходня|Київ-Пас.|,67/68,,Варшава Заходня,Київ-Пас.,both,2026-10-05 08:35:31,2026-10-05 08:35:31,1,54,54,54,В дорозі,Висока,,5,4,0,1,2026-10-05 15:39:32,54,,17,first_seen,0
19/20|Хелм|Київ-Пас.|@20261005-0835,19/20|Хелм|Київ-Пас.|,19/20,,Хелм,Київ-Пас.,both,2026-10-05 08:35:31,2026-10-05 08:35:31,1,54,54,54,В дорозі,Висока,,4,3,0,1,2026-10-05 15:39:32,54,,17,first_seen,0
61/62|Івано-Франківськ|Дніпро-Головний|@20261005-0835,61/62|Івано-Франківськ|Дніпро-Головний|,61/62,,Івано-Франківськ,Дніпро-Головний,both,2026-10-05 08:35:31,2026-10-05 08:35:31,1,53,53,53,В дорозі,Висока,,13,7,0,1,2026-10-05 15:39:32,53,,64,first_seen,0
261/262|Чернівці|Дніпро-Головний|@20261005-0835,261/262|Чернівці|Дніпро-Головний|,261/262,,Чернівці,Дніпро-Головний,both,2026-10-05 08:35:31,2026-10-05 08:35:31,1,53,53,53,В дорозі,Висока,,16,10,0,1,2026-10-05 15:39:32,53,,64,first_seen,0
55/56|Рахів|Київ-Пас.|@20261005-0835,55/56|Рахів|Київ-Пас.|,55/56,,Рахів,Київ-Пас.,both,2026-10-05 08:35:31,2026-10-05 08:35:31,1,48,48,48,В дорозі,Висока,,20,19,0,1,2026-10-05 15:39:32,48,,48,first_seen,0
141/142|Ясіня|Чернігів|@20261005-0835,141/142|Ясіня|Чернігів|,141/142,,Ясіня,Чернігів,transit,2026-10-05 08:35:31,2026-10-05 08:35:31,1,48,48,48,В дорозі,Висока,,19,14,0,1,2026-10-05 15:39:32,48,,48,first_seen,0
137/138|Ясіня|Київ-Пас.|@20261005-0835,137/138|Ясіня|Київ-Пас.|,137/138,,Ясіня,Київ-Пас.,both,2026-10-05 08:35:31,2026-10-05 08:35:31,1,48,48,48,В дорозі,Висока,,15,14,0,1,2026-10-05 15:39:32,48,,48,first_seen,0
31/32|Перемишль|Запоріжжя-1|@20261005-0835,31/32|Перемишль|Запоріжжя-1|,31/32,,Перемишль,Запоріжжя-1,transit,2026-10-05 08:35:31,2026-10-05 08:35:31,1,46,46,46,В дорозі,Висока,,12,6,0,1,2026-10-05 15:39:32,46,,52,absent_14.8h_over_4_runs,0
3/4|Ужгород|Дніпро-Головний|@20261005-0835,3/4|Ужгород|Дніпро-Головний|,3/4,,Ужгород,Дніпро-Головний,both,2026-10-05 08:35:31,2026-10-05 08:35:31,1,46,46,46,В дорозі,Висока,,15,11,0,1,2026-10-05 15:39:32,46,,52,absent_14.8h_over_4_runs,0
43/44|Черкаси|Івано-Франківськ|@20261005-0835,43/44|Черкаси|Івано-Франківськ|,43/44,,Черкаси,Івано-Франківськ,transit,2026-10-05 08:35:31,2026-10-05 08:35:31,1,43,43,43,В дорозі,Висока,,13,11,0,1,2026-10-05 15:39:32,43,,45,absent_14.8h_over_4_runs,0
93/94|Хелм|Харків-Пас.|@20261005-0835,93/94|Хелм|Харків-Пас.|,93/94,,Хелм,Харків-Пас.,both,2026-10-05 08:35:31,2026-10-05 08:35:31,1,40,40,40,В дорозі,Висока,,9,6,0,1,2026-10-05 15:39:32,40,,34,absent_14.8h_over_4_runs,0
27/28|Чоп|Київ-Пас.|@20261005-0835,27/28|Чоп|Київ-Пас.|,27/28,,Чоп,Київ-Пас.,both,2026-10-05 08:35:31,2026-10-05 08:35:31,1,34,34,34,В дорозі,Висока,,6,5,0,1,2026-10-05 15:39:32,34,,34,absent_20.3h_over_5_runs,0
95/96|Рахів|Київ-Пас.|@20261005-0835,95/96|Рахів|Київ-Пас.|,95/96,,Рахів,Київ-Пас.,both,2026-10-05 08:35:31,2026-10-05 08:35:31,1,34,34,34,В дорозі,Висока,,10,9,0,1,2026-10-05 15:39:32,34,,34,absent_20.3h_over_5_runs,0
7/8|Харків-Пас.|Одеса-Головна|@20261005-0835,7/8|Харків-Пас.|Одеса-Головна|,7/8,,Харків-Пас.,Одеса-Головна,both,2026-10-05 08:35:31,2026-10-05 08:35:31,1,33,33,33,В дорозі,Висока,,12,11,0,1,2026-10-05 15:39:32,33,,49,first_seen,0
103/104|Львів|Берестин|@20261005-0835,103/104|Львів|Берестин|,103/104,,Львів,Берестин,both,2026-10-05 08:35:31,2026-10-05 08:35:31,1,25,25,25,В дорозі,Висока,,16,11,0,1,2026-10-05 15:39:32,25,,40,absent_20.3h_over_5_runs,0
5/6|Запоріжжя-1|Ясіня|@20261005-1539,5/6|Запоріжжя-1|Ясіня|,5/6,,Запоріжжя-1,Ясіня,transit,2026-10-05 15:39:32,2026-10-05 15:39:32,1,67,67,67,В дорозі,Висока,,16,4,0,1,2026-10-06 04:30:01,67,,69,route_reset_11->4,0
705/706|Перемишль|Київ-Пас.|@20261005-1539,705/706|Перемишль|Київ-Пас.|,705/706,,Перемишль,Київ-Пас.,both,2026-10-05 15:39:32,2026-10-05 15:39:32,1,49,49,49,В дорозі,Висока,,9,6,0,1,2026-10-06 04:30:01,49,,37,absent_18.3h_over_4_runs,0
5/6|Ясіня|Запоріжжя-1|@20261005-1539,5/6|Ясіня|Запоріжжя-1|,5/6,,Ясіня,Запоріжжя-1,transit,2026-10-05 15:39:32,2026-10-05 15:39:32,1,49,49,49,В дорозі,Висока,,19,4,0,1,2026-10-06 04:30:01,49,,54,absent_21.9h_over_5_runs,0
749/750|Київ-Пас.|Ужгород|@20261005-1539,749/750|Київ-Пас.|Ужгород|,749/750,,Київ-Пас.,Ужгород,both,2026-10-05 15:39:32,2026-10-05 15:39:32,1,38,38,38,В дорозі,Висока,,7,1,0,1,2026-10-06 04:30:01,38,,,absent_36.9h_over_8_runs,0
763/764|Одеса-Головна|Київ-Пас.|@20261005-1539,763/764|Одеса-Головна|Київ-Пас.|,763/764,,Одеса-Головна,Київ-Пас.,both,2026-10-05 15:39:32,2026-10-05 15:39:32,1,36,36,36,В дорозі,Висока,,10,9,0,1,2026-10-06 04:30:01,36,,20,absent_46.2h_over_11_runs,0
747/748|Тернопіль-Пас.|Київ-Пас.|@20261005-1539,747/748|Тернопіль-Пас.|Київ-Пас.|,747/748,,Тернопіль-Пас.,Київ-Пас.,both,2026-10-05 15:39:32,2026-10-05 15:39:32,1,36,36,36,В дорозі,Висока,,9,8,0,1,2026-10-06 04:30:01,36,,10,first_seen,0
61/62|Дніпро-Головний|Івано-Франківськ|@20261006-0430,61/62|Дніпро-Головний|Івано-Франківськ|,61/62,,Дніпро-Головний,Івано-Франківськ,both,2026-10-06 04:30:01,2026-10-06 04:30:01,1,203,203,203,В дорозі,Висока,,13,10,0,1,2026-10-06 10:53:07,203,,193,absent_40.2h_over_7_runs,0
261/262|Дніпро-Головний|Чернівці|@20261006-0430,261/262|Дніпро-Головний|Чернівці|,261/262,,Дніпро-Головний,Чернівці,both,2026-10-06 04:30:01,2026-10-06 10:53:07,2,189,203,189,В дорозі,Висока,,18,15,0,1,2026-10-06 17:40:08,189,,209,absent_40.2h_over_7_runs,1
81/82|Київ-Пас.|Ужгород|@20261006-0430,81/82|Київ-Пас.|Ужгород|,81/82,,Київ-Пас.,Ужгород,both,2026-10-06 04:30:01,2026-10-06 10:53:07,2,112,112,112,В дорозі,Висока,,15,11,0,1,2026-10-06 17:40:08,112,,119,absent_34.7h_over_6_runs,1
121/122|Миколаїв Пас.|Київ-Пас.|05.10@20261006-0430,121/122|Миколаїв Пас.|Київ-Пас.|05.10,121/122,05.10,Миколаїв Пас.,Київ-Пас.,both,2026-10-06 04:30:01,2026-10-06 04:30:01,1,111,111,111,В дорозі,Висока,,20,17,0,1,2026-10-06 10:53:07,111,,225,first_seen,0
1/2|Харків-Пас.|Рахів|05.10@20261006-0430,1/2|Харків-Пас.|Рахів|05.10,1/2,05.10,Харків-Пас.,Рахів,both,2026-10-06 04:30:01,2026-10-06 10:53:07,2,92,106,92,В дорозі,Висока,,13,11,0,1,2026-10-06 17:40:08,92,,110,first_seen,1
41/42|Дніпро-Головний|Трускавець|@20261006-0430,41/42|Дніпро-Головний|Трускавець|,41/42,,Дніпро-Головний,Трускавець,both,2026-10-06 04:30:01,2026-10-06 10:53:07,2,88,96,88,В дорозі,Висока,,30,28,0,1,2026-10-06 17:40:08,88,,117,absent_31.1h_over_5_runs,1
85/86|Дніпро-Головний|Львів|@20261006-0430,85/86|Дніпро-Головний|Львів|,85/86,,Дніпро-Головний,Львів,both,2026-10-06 04:30:01,2026-10-06 10:53:07,2,88,96,88,В дорозі,Висока,,28,26,0,1,2026-10-06 17:40:08,88,,117,absent_31.1h_over_5_runs,1
3/4|Дніпро-Головний|Ужгород|05.10@20261006-0430,3/4|Дніпро-Головний|Ужгород|05.10,3/4,05.10,Дніпро-Головний,Ужгород,both,2026-10-06 04:30:01,2026-10-06 10:53:07,2,90,95,90,В дорозі,Висока,,18,17,0,1,2026-10-06 17:40:08,90,,167,first_seen,1
31/32|Запоріжжя-1|Перемишль|05.10@20261006-0430,31/32|Запоріжжя-1|Перемишль|05.10,31/32,05.10,Запоріжжя-1,Перемишль,transit,2026-10-06 04:30:01,2026-10-06 10:53:07,2,104,104,95,В дорозі,Висока,,14,13,0,1,2026-10-06 17:40:08,104,,167,first_seen,1
87/88|Дніпро-Головний|Ковель-Пас.|@20261006-0430,87/88|Дніпро-Головний|Ковель-Пас.|,87/88,,Дніпро-Головний,Ковель-Пас.,both,2026-10-06 04:30:01,2026-10-06 10:53:07,2,40,87,40,В дорозі,Висока,,34,32,0,1,2026-10-06 17:40:08,40,,102,absent_46.6h_over_8_runs,1
11/12|Одеса-Головна|Львів|@20261006-0430,11/12|Одеса-Головна|Львів|,11/12,,Одеса-Головна,Львів,both,2026-10-06 04:30:01,2026-10-06 04:30:01,1,68,68,68,В дорозі,Висока,,13,9,0,1,2026-10-06 10:53:07,68,,76,absent_63.7h_over_13_runs,0
35/36|Одеса-Головна|Перемишль|@20261006-0430,35/36|Одеса-Головна|Перемишль|,35/36,,Одеса-Головна,Перемишль,both,2026-10-06 04:30:01,2026-10-06 04:30:01,1,68,68,68,В дорозі,Висока,,14,9,0,1,2026-10-06 10:53:07,68,,76,absent_34.7h_over_6_runs,0
75/76|Кривий Ріг-Головний|Київ-Пас.|@20261006-0430,75/76|Кривий Ріг-Головний|Київ-Пас.|,75/76,,Кривий Ріг-Головний,Київ-Пас.,both,2026-10-06 04:30:01,2026-10-06 04:30:01,1,65,65,65,В дорозі,Висока,,7,6,0,1,2026-10-06 10:53:07,65,,79,first_seen,0
27/28|Чоп|Київ-Пас.|05.10@20261006-0430,27/28|Чоп|Київ-Пас.|05.10,27/28,05.10,Чоп,Київ-Пас.,both,2026-10-06 04:30:01,2026-10-06 10:53:07,2,107,107,58,В дорозі,Висока,,6,5,0,1,2026-10-06 17:40:08,107,,95,first_seen,1
81/82|Ужгород|Київ-Пас.|@20261006-0430,81/82|Ужгород|Київ-Пас.|,81/82,,Ужгород,Київ-Пас.,both,2026-10-06 04:30:01,2026-10-06 04:30:01,1,53,53,53,В дорозі,Висока,,13,12,0,1,2026-10-06 10:53:07,53,,31,absent_40.2h_over_7_runs,0
51/52|Київ-Пас.|Перемишль|@20261006-0430,51/52|Київ-Пас.|Перемишль|,51/52,,Київ-Пас.,Перемишль,endpoint,2026-10-06 04:30:01,2026-10-06 04:30:01,1,50,50,50,В дорозі,Висока,,0,0,0,1,2026-10-06 10:53:07,50,,,absent_40.2h_over_7_runs,0
105/106|Одеса-Головна|Київ-Пас.|@20261006-0430,105/106|Одеса-Головна|Київ-Пас.|,105/106,,Одеса-Головна,Київ-Пас.,both,2026-10-06 04:30:01,2026-10-06 04:30:01,1,47,47,47,В дорозі,Висока,,11,9,0,1,2026-10-06 10:53:07,47,,52,absent_63.7h_over_13_runs,0
85/86|Львів|Дніпро-Головний|@20261006-0430,85/86|Львів|Дніпро-Головний|,85/86,,Львів,Дніпро-Головний,both,2026-10-06 04:30:01,2026-10-06 10:53:07,2,152,152,43,В дорозі,Висока,,29,25,0,1,2026-10-06 22:49:39,152,,156,absent_12.8h_over_1_runs,1
41/42|Трускавець|Дніпро-Головний|@20261006-0430,41/42|Трускавець|Дніпро-Головний|,41/42,,Трускавець,Дніпро-Головний,both,2026-10-06 04:30:01,2026-10-06 10:53:07,2,152,152,43,В дорозі,Висока,,31,27,0,1,2026-10-06 22:49:39,152,,156,absent_12.8h_over_1_runs,1
37/38|Ужгород|Одеса-Головна|@20261006-0430,37/38|Ужгород|Одеса-Головна|,37/38,,Ужгород,Одеса-Головна,both,2026-10-06 04:30:01,2026-10-06 04:30:01,1,43,43,43,В дорозі,Висока,,25,23,0,1,2026-10-06 10:53:07,43,,48,absent_31.1h_over_5_runs,0
21/22|Львів|Харків-Пас.|@20261006-0430,21/22|Львів|Харків-Пас.|,21/22,,Львів,Харків-Пас.,both,2026-10-06 04:30:01,2026-10-06 04:30:01,1,43,43,43,В дорозі,Висока,,14,8,0,1,2026-10-06 10:53:07,43,,49,absent_12.8h_over_1_runs,0
29/30|Київ-Пас.|Ужгород|@20261006-0430,29/30|Київ-Пас.|Ужгород|,29/30,,Київ-Пас.,Ужгород,both,2026-10-06 04:30:01,2026-10-06 04:30:01,1,39,39,39,В дорозі,Висока,,9,4,0,1,2026-10-06 10:53:07,39,,42,absent_40.2h_over_7_runs,0
27/28|Київ-Пас.|Чоп|@20261006-0430,27/28|Київ-Пас.|Чоп|,27/28,,Київ-Пас.,Чоп,both,2026-10-06 04:30:01,2026-10-06 04:30:01,1,39,39,39,В дорозі,Висока,,6,4,0,1,2026-10-06 10:53:07,39,,42,absent_40.2h_over_7_runs,0
147/148|Київ-Пас.|Одеса-Головна|@20261006-0430,147/148|Київ-Пас.|Одеса-Головна|,147/148,,Київ-Пас.,Одеса-Головна,both,2026-10-06 04:30:01,2026-10-06 04:30:01,1,38,38,38,В дорозі,Висока,,15,14,0,1,2026-10-06 10:53:07,38,,46,first_seen,0
9/10|Київ-Пас.|Будапешт-Келеті|@20261006-0430,9/10|Київ-Пас.|Будапешт-Келеті|,9/10,,Київ-Пас.,Будапешт-Келеті,endpoint,2026-10-06 04:30:01,2026-10-06 04:30:01,1,37,37,37,В дорозі,Висока,,0,0,0,1,2026-10-06 17:40:08,37,,,absent_19.9h_over_2_runs,0
233/234|Чернівці|Кривий Ріг-Головний|@20261006-0430,233/234|Чернівці|Кривий Ріг-Головний|,233/234,,Чернівці,Кривий Ріг-Головний,transit,2026-10-06 04:30:01,2026-10-06 10:53:07,2,81,81,37,В дорозі,Висока,,11,10,0,1,2026-10-06 17:40:08,81,,82,first_seen,1
293/294|Ворохта|Кривий Ріг-Головний|@20261006-0430,293/294|Ворохта|Кривий Ріг-Головний|,293/294,,Ворохта,Кривий Ріг-Головний,transit,2026-10-06 04:30:01,2026-10-06 10:53:07,2,81,81,37,В дорозі,Висока,,11,10,0,1,2026-10-06 17:40:08,81,,82,first_seen,1
105/106|Київ-Пас.|Одеса-Головна|@20261006-0430,105/106|Київ-Пас.|Одеса-Головна|,105/106,,Київ-Пас.,Одеса-Головна,both,2026-10-06 04:30:01,2026-10-06 04:30:01,1,31,31,31,В дорозі,Висока,,13,9,0,1,2026-10-06 10:53:07,31,,39,absent_40.2h_over_7_runs,0
119/120|Хелм|Дніпро-Головний|@20261006-0430,119/120|Хелм|Дніпро-Головний|,119/120,,Хелм,Дніпро-Головний,both,2026-10-06 04:30:01,2026-10-06 04:30:01,1,29,29,29,В дорозі,Висока,,15,11,0,1,2026-10-06 10:53:07,29,,37,absent_40.2h_over_7_runs,0
79/80|Львів|Дніпро-Головний|@20261006-0430,79/80|Львів|Дніпро-Головний|,79/80,,Львів,Дніпро-Головний,both,2026-10-06 04:30:01,2026-10-06 04:30:01,1,29,29,29,В дорозі,Висока,,14,10,0,1,2026-10-06 10:53:07,29,,37,absent_40.2h_over_7_runs,0
113/114|Ужгород|Харків-Пас.|@20261006-0430,113/114|Ужгород|Харків-Пас.|,113/114,,Ужгород,Харків-Пас.,both,2026-10-06 04:30:01,2026-10-06 04:30:01,1,27,27,27,В дорозі,Висока,,42,40,0,1,2026-10-06 10:53:07,27,,63,absent_40.2h_over_7_runs,0
53/54|Одеса-Головна|Дніпро-Головний|@20261006-1053,53/54|Одеса-Головна|Дніпро-Головний|,53/54,,Одеса-Головна,Дніпро-Головний,both,2026-10-06 10:53:07,2026-10-06 10:53:07,1,129,129,129,В дорозі,Висока,,12,11,0,1,2026-10-06 22:49:39,129,,131,absent_53.0h_over_9_runs,0
7/8|Одеса-Головна|Харків-Пас.|@20261006-1053,7/8|Одеса-Головна|Харків-Пас.|,7/8,,Одеса-Головна,Харків-Пас.,both,2026-10-06 10:53:07,2026-10-06 10:53:07,1,108,108,108,В дорозі,Висока,,9,8,0,1,2026-10-06 17:40:08,108,,128,absent_56.1h_over_10_runs,0
95/96|Рахів|Київ-Пас.|@20261006-1053,95/96|Рахів|Київ-Пас.|,95/96,,Рахів,Київ-Пас.,both,2026-10-06 10:53:07,2026-10-06 10:53:07,1,108,108,108,В дорозі,Висока,,12,11,0,1,2026-10-06 17:40:08,108,,95,absent_19.2h_over_2_runs,0
109/110|Львів|Миколаїв Пас.|@20261006-1053,109/110|Львів|Миколаїв Пас.|,109/110,,Львів,Миколаїв Пас.,both,2026-10-06 10:53:07,2026-10-06 10:53:07,1,99,99,99,В дорозі,Висока,,26,24,0,1,2026-10-06 17:40:08,99,,63,first_seen,0
31/32|Перемишль|Запоріжжя-1|@20261006-1053,31/32|Перемишль|Запоріжжя-1|,31/32,,Перемишль,Запоріжжя-1,transit,2026-10-06 10:53:07,2026-10-06 10:53:07,1,91,91,91,В дорозі,Висока,,12,8,0,1,2026-10-06 17:40:08,91,,93,absent_19.2h_over_2_runs,0
3/4|Ужгород|Дніпро-Головний|@20261006-1053,3/4|Ужгород|Дніпро-Головний|,3/4,,Ужгород,Дніпро-Головний,both,2026-10-06 10:53:07,2026-10-06 10:53:07,1,91,91,91,В дорозі,Висока,,15,13,0,1,2026-10-06 17:40:08,91,,93,absent_19.2h_over_2_runs,0
53/54|Дніпро-Головний|Одеса-Головна|@20261006-1053,53/54|Дніпро-Головний|Одеса-Головна|,53/54,,Дніпро-Головний,Одеса-Головна,both,2026-10-06 10:53:07,2026-10-06 10:53:07,1,79,79,79,В дорозі,Висока,,12,11,0,1,2026-10-06 17:40:08,79,,125,first_seen,0
93/94|Хелм|Харків-Пас.|@20261006-1053,93/94|Хелм|Харків-Пас.|,93/94,,Хелм,Харків-Пас.,both,2026-10-06 10:53:07,2026-10-06 10:53:07,1,67,67,67,В дорозі,Висока,,10,9,0,1,2026-10-06 17:40:08,67,,55,absent_19.2h_over_2_runs,0
1/2|Рахів|Харків-Пас.|@20261006-1053,1/2|Рахів|Харків-Пас.|,1/2,,Рахів,Харків-Пас.,both,2026-10-06 10:53:07,2026-10-06 10:53:07,1,55,55,55,В дорозі,Висока,,13,12,0,1,2026-10-06 17:40:08,55,,60,absent_19.2h_over_2_runs,0
23/24|Київ-Пас.|Хелм|@20261006-1053,23/24|Київ-Пас.|Хелм|,23/24,,Київ-Пас.,Хелм,both,2026-10-06 10:53:07,2026-10-06 10:53:07,1,55,55,55,В дорозі,Висока,,5,4,0,1,2026-10-06 17:40:08,55,,29,absent_53.0h_over_9_runs,0
19/20|Хелм|Київ-Пас.|@20261006-1053,19/20|Хелм|Київ-Пас.|,19/20,,Хелм,Київ-Пас.,both,2026-10-06 10:53:07,2026-10-06 10:53:07,1,50,50,50,В дорозі,Висока,,3,2,0,1,2026-10-06 17:40:08,50,,12,absent_19.2h_over_2_runs,0
67/68|Варшава Заходня|Київ-Пас.|@20261006-1053,67/68|Варшава Заходня|Київ-Пас.|,67/68,,Варшава Заходня,Київ-Пас.,both,2026-10-06 10:53:07,2026-10-06 10:53:07,1,50,50,50,В дорозі,Висока,,4,3,0,1,2026-10-06 17:40:08,50,,12,absent_19.2h_over_2_runs,0
749/750|Ужгород|Київ-Пас.|@20261006-1053,749/750|Ужгород|Київ-Пас.|,749/750,,Ужгород,Київ-Пас.,both,2026-10-06 10:53:07,2026-10-06 17:40:08,2,128,128,49,В дорозі,Висока,,10,9,0,1,2026-10-06 22:49:39,128,,59,absent_6.4h_over_1_runs,1
9/10|Будапешт-Келеті|Київ-Пас.|@20261006-1053,9/10|Будапешт-Келеті|Київ-Пас.|,9/10,,Будапешт-Келеті,Київ-Пас.,both,2026-10-06 10:53:07,2026-10-06 17:40:08,2,56,56,47,В дорозі,Висока,,6,5,0,1,2026-10-06 22:49:39,56,,87,absent_34.1h_over_5_runs,1
733/734|Дніпро-Головний|Київ-Пас.|@20261006-1053,733/734|Дніпро-Головний|Київ-Пас.|,733/734,,Дніпро-Головний,Київ-Пас.,both,2026-10-06 10:53:07,2026-10-06 10:53:07,1,32,32,32,В дорозі,Висока,,7,5,0,1,2026-10-06 17:40:08,32,,37,first_seen,0
39/40|Запоріжжя-1|Солотвино-1|@20261006-1740,39/40|Запоріжжя-1|Солотвино-1|,39/40,,Запоріжжя-1,Солотвино-1,transit,2026-10-06 17:40:08,2026-10-07 12:15:54,5,91,180,91,В дорозі,Висока,,29,18,0,1,2026-10-07 19:29:52,91,,287,absent_26.0h_over_3_runs,1
5/6|Запоріжжя-1|Ясіня|@20261006-1740,5/6|Запоріжжя-1|Ясіня|,5/6,,Запоріжжя-1,Ясіня,transit,2026-10-06 17:40:08,2026-10-07 05:36:54,4,133,180,106,В дорозі,Висока,,16,10,0,1,2026-10-07 12:15:54,133,,287,absent_13.2h_over_2_runs,1
31/32|Запоріжжя-1|Перемишль|@20261006-1740,31/32|Запоріжжя-1|Перемишль|,31/32,,Запоріжжя-1,Перемишль,transit,2026-10-06 17:40:08,2026-10-07 05:36:54,4,115,187,115,В дорозі,Висока,,14,12,0,1,2026-10-07 12:15:54,115,,193,absent_26.0h_over_3_runs,1
3/4|Дніпро-Головний|Ужгород|@20261006-1740,3/4|Дніпро-Головний|Ужгород|,3/4,,Дніпро-Головний,Ужгород,both,2026-10-06 17:40:08,2026-10-07 12:15:54,5,130,187,115,В дорозі,Висока,,17,16,0,1,2026-10-07 19:29:52,130,,193,absent_26.0h_over_3_runs,1
85/86|Дніпро-Головний|Львів|@20261006-1740,85/86|Дніпро-Головний|Львів|,85/86,,Дніпро-Головний,Львів,both,2026-10-06 17:40:08,2026-10-07 05:36:54,4,87,145,82,В дорозі,Висока,,28,20,0,1,2026-10-07 12:15:54,87,,161,route_reset_26->5,1
41/42|Дніпро-Головний|Трускавець|@20261006-1740,41/42|Дніпро-Головний|Трускавець|,41/42,,Дніпро-Головний,Трускавець,both,2026-10-06 17:40:08,2026-10-07 12:15:54,5,46,145,46,В дорозі,Висока,,30,29,0,1,2026-10-07 19:29:52,46,,161,route_reset_28->5,1
9/10|Київ-Пас.|Будапешт-Келеті|@20261006-1740,9/10|Київ-Пас.|Будапешт-Келеті|,9/10,,Київ-Пас.,Будапешт-Келеті,endpoint,2026-10-06 17:40:08,2026-10-07 05:36:54,4,260,260,134,В дорозі,Середня,,0,0,0,1,2026-10-07 19:29:52,260,167,167,absent_6.8h_over_1_runs,1
109/110|Миколаїв Пас.|Львів|@20261006-1740,109/110|Миколаїв Пас.|Львів|,109/110,,Миколаїв Пас.,Львів,both,2026-10-06 17:40:08,2026-10-07 05:36:54,4,140,140,107,В дорозі,Висока,,24,19,0,1,2026-10-07 12:15:54,140,,137,absent_44.3h_over_7_runs,1
715/716|Київ-Пас.|Перемишль|@20261006-1740,715/716|Київ-Пас.|Перемишль|,715/716,,Київ-Пас.,Перемишль,both,2026-10-06 17:40:08,2026-10-06 17:40:08,1,74,74,74,В дорозі,Висока,,7,6,0,1,2026-10-06 22:49:39,74,,56,first_seen,0
1/2|Харків-Пас.|Рахів|@20261006-1740,1/2|Харків-Пас.|Рахів|,1/2,,Харків-Пас.,Рахів,both,2026-10-06 17:40:08,2026-10-07 05:36:54,4,74,74,36,В дорозі,Висока,,11,4,0,1,2026-10-07 19:29:52,74,,74,absent_26.0h_over_3_runs,1
63/64|Перемишль|Харків-Пас.|@20261006-1740,63/64|Перемишль|Харків-Пас.|,63/64,,Перемишль,Харків-Пас.,both,2026-10-06 17:40:08,2026-10-06 22:49:39,2,23,43,23,В дорозі,Висока,,11,5,0,1,2026-10-07 02:30:35,23,,60,absent_44.3h_over_7_runs,1
723/724|Харків-Пас.|Київ-Пас.|@20261006-1740,723/724|Харків-Пас.|Київ-Пас.|,723/724,,Харків-Пас.,Київ-Пас.,both,2026-10-06 17:40:08,2026-10-06 17:40:08,1,40,40,40,В дорозі,Висока,,8,2,0,1,2026-10-06 22:49:39,40,,42,first_seen,0
749/750|Київ-Пас.|Ужгород|@20261006-1740,749/750|Київ-Пас.|Ужгород|,749/750,,Київ-Пас.,Ужгород,both,2026-10-06 17:40:08,2026-10-06 22:49:39,2,55,55,35,В дорозі,Висока,,8,4,0,1,2026-10-07 02:30:35,55,,59,absent_13.2h_over_2_runs,1
233/234|Кривий Ріг-Головний|Чернівці|@20261006-2249,233/234|Кривий Ріг-Головний|Чернівці|,233/234,,Кривий Ріг-Головний,Чернівці,transit,2026-10-06 22:49:39,2026-10-07 12:15:54,4,213,213,141,В дорозі,Висока,,12,9,0,1,2026-10-07 19:29:52,213,,208,first_seen,1
293/294|Кривий Ріг-Головний|Ворохта|@20261006-2249,293/294|Кривий Ріг-Головний|Ворохта|,293/294,,Кривий Ріг-Головний,Ворохта,transit,2026-10-06 22:49:39,2026-10-07 12:15:54,4,224,224,141,В дорозі,Висока,,14,10,0,1,2026-10-07 19:29:52,224,,225,first_seen,1
789/790|Київ-Пас.|Кропивницький|@20261006-2249,789/790|Київ-Пас.|Кропивницький|,789/790,,Київ-Пас.,Кропивницький,both,2026-10-06 22:49:39,2026-10-06 22:49:39,1,139,139,139,В дорозі,Висока,,12,7,0,1,2026-10-07 02:30:35,139,,143,first_seen,0
791/792|Київ-Пас.|Кременчук-Пас.|@20261006-2249,791/792|Київ-Пас.|Кременчук-Пас.|,791/792,,Київ-Пас.,Кременчук-Пас.,both,2026-10-06 22:49:39,2026-10-06 22:49:39,1,139,139,139,В дорозі,Висока,,9,8,0,1,2026-10-07 02:30:35,139,,143,first_seen,0
43/44|Черкаси|Івано-Франківськ|@20261006-2249,43/44|Черкаси|Івано-Франківськ|,43/44,,Черкаси,Івано-Франківськ,transit,2026-10-06 22:49:39,2026-10-07 05:36:54,3,130,131,127,В дорозі,Висока,,12,4,0,1,2026-10-07 12:15:54,130,,145,absent_31.2h_over_4_runs,0
731/732|Дніпро-Головний|Київ-Пас.|@20261006-2249,731/732|Дніпро-Головний|Київ-Пас.|,731/732,,Дніпро-Головний,Київ-Пас.,both,2026-10-06 22:49:39,2026-10-06 22:49:39,1,102,102,102,В дорозі,Висока,,8,7,0,1,2026-10-07 02:30:35,102,,106,first_seen,0
121/122|Миколаїв Пас.|Київ-Пас.|@20261006-2249,121/122|Миколаїв Пас.|Київ-Пас.|,121/122,,Миколаїв Пас.,Київ-Пас.,both,2026-10-06 22:49:39,2026-10-07 05:36:54,2,2,76,2,В дорозі,Висока,,20,18,0,1,2026-10-07 12:15:54,2,,93,absent_46.1h_over_7_runs,1
37/38|Запоріжжя-1|Київ-Пас.|@20261006-2249,37/38|Запоріжжя-1|Київ-Пас.|,37/38,,Запоріжжя-1,Київ-Пас.,both,2026-10-06 22:49:39,2026-10-06 22:49:39,1,61,61,61,В дорозі,Висока,,8,4,0,1,2026-10-07 02:30:35,61,,69,absent_38.2h_over_5_runs,0
105/106|Одеса-Головна|Київ-Пас.|@20261006-2249,105/106|Одеса-Головна|Київ-Пас.|,105/106,,Одеса-Головна,Київ-Пас.,both,2026-10-06 22:49:39,2026-10-07 05:36:54,3,42,60,38,В дорозі,Висока,,11,10,0,1,2026-10-07 12:15:54,42,,66,absent_11.9h_over_2_runs,0
85/86|Львів|Дніпро-Головний|@20261006-2249,85/86|Львів|Дніпро-Головний|,85/86,,Львів,Дніпро-Головний,both,2026-10-06 22:49:39,2026-10-07 12:15:54,4,327,327,42,В дорозі,Висока,,29,24,0,1,2026-10-07 19:29:52,327,,327,absent_5.2h_over_1_runs,1
41/42|Трускавець|Дніпро-Головний|@20261006-2249,41/42|Трускавець|Дніпро-Головний|,41/42,,Трускавець,Дніпро-Головний,both,2026-10-06 22:49:39,2026-10-07 12:15:54,4,327,327,42,В дорозі,Висока,,31,26,0,1,2026-10-07 19:29:52,327,,327,absent_5.2h_over_1_runs,1
135/136|Одеса-Головна|Чернівці|@20261006-2249,135/136|Одеса-Головна|Чернівці|,135/136,,Одеса-Головна,Чернівці,both,2026-10-06 22:49:39,2026-10-07 12:15:54,4,40,99,40,В дорозі,Висока,,23,22,0,1,2026-10-07 19:29:52,40,,114,absent_58.6h_over_10_runs,1
25/26|Одеса-Головна|Ясіня|@20261006-2249,25/26|Одеса-Головна|Ясіня|,25/26,,Одеса-Головна,Ясіня,both,2026-10-06 22:49:39,2026-10-07 12:15:54,4,38,99,38,В дорозі,Висока,,26,21,0,1,2026-10-07 19:29:52,38,,114,absent_58.6h_over_10_runs,1
11/12|Одеса-Головна|Львів|@20261006-2249,11/12|Одеса-Головна|Львів|,11/12,,Одеса-Головна,Львів,both,2026-10-06 22:49:39,2026-10-07 05:36:54,3,114,114,39,В дорозі,Висока,,14,10,0,1,2026-10-07 12:15:54,114,,97,absent_11.9h_over_2_runs,0
35/36|Одеса-Головна|Перемишль|@20261006-2249,35/36|Одеса-Головна|Перемишль|,35/36,,Одеса-Головна,Перемишль,both,2026-10-06 22:49:39,2026-10-07 12:15:54,4,101,114,39,В дорозі,Висока,,15,14,0,1,2026-10-08 00:28:04,101,,111,absent_11.9h_over_2_runs,1
207/208|Одеса-Головна|Харків-Пас.|@20261006-2249,207/208|Одеса-Головна|Харків-Пас.|,207/208,,Одеса-Головна,Харків-Пас.,both,2026-10-06 22:49:39,2026-10-07 12:15:54,4,268,268,38,В дорозі,Висока,,14,13,0,1,2026-10-07 19:29:52,268,,277,first_seen,1
95/96|Київ-Пас.|Рахів|@20261006-2249,95/96|Київ-Пас.|Рахів|,95/96,,Київ-Пас.,Рахів,both,2026-10-06 22:49:39,2026-10-07 05:36:54,3,76,76,33,В дорозі,Висока,,10,3,0,1,2026-10-07 12:15:54,76,,17,absent_58.6h_over_10_runs,0
49/50|Київ-Пас.|Трускавець|@20261006-2249,49/50|Київ-Пас.|Трускавець|,49/50,,Київ-Пас.,Трускавець,both,2026-10-06 22:49:39,2026-10-07 05:36:54,3,76,76,33,В дорозі,Висока,,5,3,0,1,2026-10-07 12:15:54,76,,17,first_seen,0
77/78|Одеса-Головна|Ковель-Пас.|@20261006-2249,77/78|Одеса-Головна|Ковель-Пас.|,77/78,,Одеса-Головна,Ковель-Пас.,both,2026-10-06 22:49:39,2026-10-07 12:15:54,4,43,104,25,В дорозі,Висока,,29,28,0,1,2026-10-07 19:29:52,43,,104,first_seen,1
53/54|Одеса-Головна|Дніпро-Головний|@20261006-2249,53/54|Одеса-Головна|Дніпро-Головний|,53/54,,Одеса-Головна,Дніпро-Головний,both,2026-10-06 22:49:39,2026-10-07 12:15:54,4,396,396,22,В дорозі,Висока,,13,9,0,1,2026-10-07 19:29:52,396,,400,absent_5.2h_over_1_runs,1
21/22|Львів|Харків-Пас.|@20261007-0230,21/22|Львів|Харків-Пас.|,21/22,,Львів,Харків-Пас.,both,2026-10-07 02:30:35,2026-10-07 12:15:54,3,316,316,102,В дорозі,Висока,,17,15,0,1,2026-10-07 19:29:52,316,,320,absent_15.6h_over_3_runs,1
63/64|Харків-Пас.|Перемишль|@20261007-0230,63/64|Харків-Пас.|Перемишль|,63/64,,Харків-Пас.,Перемишль,both,2026-10-07 02:30:35,2026-10-07 02:30:35,1,57,57,57,В дорозі,Висока,,12,4,0,1,2026-10-07 12:15:54,57,,74,first_seen,0
37/38|Ужгород|Одеса-Головна|@20261007-0230,37/38|Ужгород|Одеса-Головна|,37/38,,Ужгород,Одеса-Головна,both,2026-10-07 02:30:35,2026-10-07 05:36:54,2,50,54,50,В дорозі,Висока,,25,23,0,1,2026-10-07 12:15:54,50,,74,absent_15.6h_over_3_runs,0
59/60|Київ-Пас.|Чоп|@20261007-0230,59/60|Київ-Пас.|Чоп|,59/60,,Київ-Пас.,Чоп,both,2026-10-07 02:30:35,2026-10-07 05:36:54,2,49,54,49,В дорозі,Висока,,22,9,0,1,2026-10-07 12:15:54,49,,62,first_seen,0
57/58|Київ-Пас.|Ясіня|@20261007-0230,57/58|Київ-Пас.|Ясіня|,57/58,,Київ-Пас.,Ясіня,both,2026-10-07 02:30:35,2026-10-07 05:36:54,2,45,54,45,В дорозі,Висока,,21,8,0,1,2026-10-07 12:15:54,45,,62,first_seen,0
133/134|Кам'янець-Подільський|Київ-Пас.|@20261007-0230,133/134|Кам'янець-Подільський|Київ-Пас.|,133/134,,Кам'янець-Подільський,Київ-Пас.,both,2026-10-07 02:30:35,2026-10-07 05:36:54,2,44,52,44,В дорозі,Висока,,14,11,0,1,2026-10-07 12:15:54,44,,58,first_seen,0
129/130|Полтава-Півд.|Мукачево|@20261007-0230,129/130|Полтава-Півд.|Мукачево|,129/130,,Полтава-Півд.,Мукачево,both,2026-10-07 02:30:35,2026-10-07 12:15:54,3,94,94,47,В дорозі,Висока,,20,19,0,1,2026-10-07 19:29:52,94,,95,first_seen,1
131/132|Кременчук-Пас.|Мукачево|@20261007-0230,131/132|Кременчук-Пас.|Мукачево|,131/132,,Кременчук-Пас.,Мукачево,transit,2026-10-07 02:30:35,2026-10-07 12:15:54,3,94,94,47,В дорозі,Висока,,21,20,0,1,2026-10-07 19:29:52,94,,95,first_seen,1
69/70|Кременчук-Пас.|Перемишль|@20261007-0230,69/70|Кременчук-Пас.|Перемишль|,69/70,,Кременчук-Пас.,Перемишль,transit,2026-10-07 02:30:35,2026-10-07 12:15:54,3,101,101,47,В дорозі,Висока,,17,16,0,1,2026-10-07 19:29:52,101,,90,first_seen,1
789/790|Кропивницький|Київ-Пас.|@20261007-0230,789/790|Кропивницький|Київ-Пас.|,789/790,,Кропивницький,Київ-Пас.,both,2026-10-07 02:30:35,2026-10-07 05:36:54,2,67,67,47,В дорозі,Висока,,7,6,0,1,2026-10-07 12:15:54,67,,67,first_seen,0
143/144|Рахів|Конотоп-Пас.|@20261007-0230,143/144|Рахів|Конотоп-Пас.|,143/144,,Рахів,Конотоп-Пас.,transit,2026-10-07 02:30:35,2026-10-07 05:36:54,2,9,44,9,В дорозі,Висока,,23,18,0,1,2026-10-07 12:15:54,9,,51,absent_34.9h_over_5_runs,0
27/28|Чоп|Київ-Пас.|@20261007-0230,27/28|Чоп|Київ-Пас.|,27/28,,Чоп,Київ-Пас.,both,2026-10-07 02:30:35,2026-10-07 05:36:54,2,54,54,43,В дорозі,Висока,,5,3,0,1,2026-10-07 12:15:54,54,,47,absent_34.9h_over_5_runs,0
75/76|Київ-Пас.|Кривий Ріг-Головний|@20261007-0230,75/76|Київ-Пас.|Кривий Ріг-Головний|,75/76,,Київ-Пас.,Кривий Ріг-Головний,both,2026-10-07 02:30:35,2026-10-07 05:36:54,2,27,42,27,В дорозі,Висока,,8,6,0,1,2026-10-07 12:15:54,27,,43,first_seen,0
103/104|Львів|Берестин|@20261007-0230,103/104|Львів|Берестин|,103/104,,Львів,Берестин,both,2026-10-07 02:30:35,2026-10-07 12:15:54,3,180,180,21,В дорозі,Висока,,19,17,0,1,2026-10-07 19:29:52,180,,201,absent_34.9h_over_5_runs,1
23/24|Хелм|Київ-Пас.|@20261007-0230,23/24|Хелм|Київ-Пас.|,23/24,,Хелм,Київ-Пас.,both,2026-10-07 02:30:35,2026-10-07 05:36:54,2,28,38,28,В дорозі,Висока,,5,3,0,1,2026-10-07 12:15:54,28,,47,first_seen,0
119/120|Хелм|Дніпро-Головний|@20261007-0230,119/120|Хелм|Дніпро-Головний|,119/120,,Хелм,Дніпро-Головний,both,2026-10-07 02:30:35,2026-10-07 12:15:54,3,379,379,31,В дорозі,Висока,,16,14,0,1,2026-10-07 19:29:52,379,,379,absent_15.6h_over_3_runs,1
79/80|Львів|Дніпро-Головний|@20261007-0230,79/80|Львів|Дніпро-Головний|,79/80,,Львів,Дніпро-Головний,both,2026-10-07 02:30:35,2026-10-07 12:15:54,3,379,379,31,В дорозі,Висока,,15,13,0,1,2026-10-07 19:29:52,379,,379,absent_15.6h_over_3_runs,1
139/140|Київ-Пас.|Кам'янець-Подільський|@20261007-0230,139/140|Київ-Пас.|Кам'янець-Подільський|,139/140,,Київ-Пас.,Кам'янець-Подільський,both,2026-10-07 02:30:35,2026-10-07 05:36:54,2,54,54,33,В дорозі,Висока,,14,9,0,1,2026-10-07 12:15:54,54,,54,first_seen,0
37/38|Київ-Пас.|Запоріжжя-1|@20261007-0536,37/38|Київ-Пас.|Запоріжжя-1|,37/38,,Київ-Пас.,Запоріжжя-1,both,2026-10-07 05:36:54,2026-10-07 12:15:54,2,436,436,100,В дорозі,Висока,,14,9,0,1,2026-10-07 19:29:52,436,,397,first_seen,1
81/82|Ужгород|Київ-Пас.|@20261007-0536,81/82|Ужгород|Київ-Пас.|,81/82,,Ужгород,Київ-Пас.,both,2026-10-07 05:36:54,2026-10-07 05:36:54,1,80,80,80,В дорозі,Висока,,12,11,0,1,2026-10-07 12:15:54,80,,75,absent_18.7h_over_4_runs,0
89/90|Перемишль|Київ-Пас.|@20261007-0536,89/90|Перемишль|Київ-Пас.|,89/90,,Перемишль,Київ-Пас.,both,2026-10-07 05:36:54,2026-10-07 05:36:54,1,80,80,80,В дорозі,Висока,,6,5,0,1,2026-10-07 12:15:54,80,,75,first_seen,0
121/122|Київ-Пас.|Миколаїв Пас.|@20261007-0536,121/122|Київ-Пас.|Миколаїв Пас.|,121/122,,Київ-Пас.,Миколаїв Пас.,both,2026-10-07 05:36:54,2026-10-07 12:15:54,2,206,206,68,В дорозі,Висока,,24,22,0,1,2026-10-07 19:29:52,206,,209,first_seen,1
791/792|Кременчук-Пас.|Київ-Пас.|@20261007-0536,791/792|Кременчук-Пас.|Київ-Пас.|,791/792,,Кременчук-Пас.,Київ-Пас.,both,2026-10-07 05:36:54,2026-10-07 05:36:54,1,67,67,67,В дорозі,Висока,,7,6,0,1,2026-10-07 12:15:54,67,,67,first_seen,0
37/38|Одеса-Головна|Ужгород|@20261007-0536,37/38|Одеса-Головна|Ужгород|,37/38,,Одеса-Головна,Ужгород,both,2026-10-07 05:36:54,2026-10-07 12:15:54,2,53,65,53,В дорозі,Висока,,27,26,0,1,2026-10-08 00:28:04,53,,98,first_seen,1
95/96|Рахів|Київ-Пас.|@20261007-0536,95/96|Рахів|Київ-Пас.|,95/96,,Рахів,Київ-Пас.,both,2026-10-07 05:36:54,2026-10-07 05:36:54,1,54,54,54,В дорозі,Висока,,10,8,0,1,2026-10-07 12:15:54,54,,1,absent_11.9h_over_3_runs,0
57/58|Ясіня|Київ-Пас.|@20261007-0536,57/58|Ясіня|Київ-Пас.|,57/58,,Ясіня,Київ-Пас.,both,2026-10-07 05:36:54,2026-10-07 05:36:54,1,43,43,43,В дорозі,Висока,,20,19,0,1,2026-10-07 12:15:54,43,,44,first_seen,0
59/60|Чоп|Київ-Пас.|@20261007-0536,59/60|Чоп|Київ-Пас.|,59/60,,Чоп,Київ-Пас.,both,2026-10-07 05:36:54,2026-10-07 05:36:54,1,43,43,43,В дорозі,Висока,,23,22,0,1,2026-10-07 12:15:54,43,,44,first_seen,0
31/32|Перемишль|Запоріжжя-1|@20261007-0536,31/32|Перемишль|Запоріжжя-1|,31/32,,Перемишль,Запоріжжя-1,transit,2026-10-07 05:36:54,2026-10-07 12:15:54,2,249,249,41,В дорозі,Висока,,12,9,0,1,2026-10-08 00:28:04,249,,249,absent_11.9h_over_3_runs,1
3/4|Ужгород|Дніпро-Головний|@20261007-0536,3/4|Ужгород|Дніпро-Головний|,3/4,,Ужгород,Дніпро-Головний,both,2026-10-07 05:36:54,2026-10-07 12:15:54,2,249,249,41,В дорозі,Висока,,15,14,0,1,2026-10-07 19:29:52,249,,249,absent_11.9h_over_3_runs,1
103/104|Берестин|Львів|@20261007-0536,103/104|Берестин|Львів|,103/104,,Берестин,Львів,both,2026-10-07 05:36:54,2026-10-07 05:36:54,1,41,41,41,В дорозі,Висока,,16,12,0,1,2026-10-07 12:15:54,41,,40,first_seen,0
7/8|Чернівці|Київ-Пас.|@20261007-0536,7/8|Чернівці|Київ-Пас.|,7/8,,Чернівці,Київ-Пас.,both,2026-10-07 05:36:54,2026-10-07 05:36:54,1,39,39,39,В дорозі,Висока,,5,4,0,1,2026-10-07 12:15:54,39,,1,first_seen,0
75/76|Кривий Ріг-Головний|Київ-Пас.|@20261007-0536,75/76|Кривий Ріг-Головний|Київ-Пас.|,75/76,,Кривий Ріг-Головний,Київ-Пас.,both,2026-10-07 05:36:54,2026-10-07 05:36:54,1,39,39,39,В дорозі,Висока,,7,6,0,1,2026-10-07 12:15:54,39,,11,absent_18.7h_over_4_runs,0
15/16|Харків-Пас.|Чернівці|@20261007-0536,15/16|Харків-Пас.|Чернівці|,15/16,,Харків-Пас.,Чернівці,both,2026-10-07 05:36:54,2026-10-07 05:36:54,1,39,39,39,В дорозі,Висока,,10,7,0,1,2026-10-07 12:15:54,39,,44,first_seen,0
87/88|Ковель-Пас.|Дніпро-Головний|@20261007-0536,87/88|Ковель-Пас.|Дніпро-Головний|,87/88,,Ковель-Пас.,Дніпро-Головний,both,2026-10-07 05:36:54,2026-10-07 12:15:54,2,205,205,36,В дорозі,Висока,,30,25,0,1,2026-10-07 19:29:52,205,,239,first_seen,1
25/26|Ясіня|Одеса-Головна|@20261007-0536,25/26|Ясіня|Одеса-Головна|,25/26,,Ясіня,Одеса-Головна,both,2026-10-07 05:36:54,2026-10-07 05:36:54,1,34,34,34,В дорозі,Висока,,27,22,0,1,2026-10-07 12:15:54,34,,35,first_seen,0
135/136|Чернівці|Одеса-Головна|@20261007-0536,135/136|Чернівці|Одеса-Головна|,135/136,,Чернівці,Одеса-Головна,both,2026-10-07 05:36:54,2026-10-07 05:36:54,1,34,34,34,В дорозі,Висока,,24,19,0,1,2026-10-07 12:15:54,34,,35,first_seen,0
55/56|Рахів|Київ-Пас.|@20261007-0536,55/56|Рахів|Київ-Пас.|,55/56,,Рахів,Київ-Пас.,both,2026-10-07 05:36:54,2026-10-07 05:36:54,1,33,33,33,В дорозі,Висока,,19,14,0,1,2026-10-07 12:15:54,33,,12,absent_38.0h_over_6_runs,0
141/142|Ясіня|Чернігів|@20261007-0536,141/142|Ясіня|Чернігів|,141/142,,Ясіня,Чернігів,transit,2026-10-07 05:36:54,2026-10-07 12:15:54,2,105,105,33,В дорозі,Висока,,19,18,0,1,2026-10-07 19:29:52,105,,115,absent_38.0h_over_6_runs,1
137/138|Ясіня|Київ-Пас.|@20261007-0536,137/138|Ясіня|Київ-Пас.|,137/138,,Ясіня,Київ-Пас.,both,2026-10-07 05:36:54,2026-10-07 05:36:54,1,33,33,33,В дорозі,Висока,,14,9,0,1,2026-10-07 12:15:54,33,,12,absent_38.0h_over_6_runs,0
11/12|Львів|Одеса-Головна|@20261007-0536,11/12|Львів|Одеса-Головна|,11/12,,Львів,Одеса-Головна,both,2026-10-07 05:36:54,2026-10-07 05:36:54,1,31,31,31,В дорозі,Висока,,12,9,0,1,2026-10-07 12:15:54,31,,34,first_seen,0
35/36|Перемишль|Одеса-Головна|@20261007-0536,35/36|Перемишль|Одеса-Головна|,35/36,,Перемишль,Одеса-Головна,both,2026-10-07 05:36:54,2026-10-07 05:36:54,1,31,31,31,В дорозі,Висока,,13,10,0,1,2026-10-07 12:15:54,31,,34,first_seen,0
93/94|Харків-Пас.|Хелм|@20261007-0536,93/94|Харків-Пас.|Хелм|,93/94,,Харків-Пас.,Хелм,both,2026-10-07 05:36:54,2026-10-07 05:36:54,1,20,20,20,В дорозі,Висока,,11,8,0,1,2026-10-07 12:15:54,20,,31,absent_38.0h_over_6_runs,0
5/6|Ясіня|Запоріжжя-1|@20261007-1215,5/6|Ясіня|Запоріжжя-1|,5/6,,Ясіня,Запоріжжя-1,transit,2026-10-07 12:15:54,2026-10-07 12:15:54,1,342,342,342,В дорозі,Висока,,25,20,0,1,2026-10-08 00:28:04,342,,347,absent_31.8h_over_6_runs,0
127/128|Львів|Дніпро-Головний|@20261007-1215,127/128|Львів|Дніпро-Головний|,127/128,,Львів,Дніпро-Головний,both,2026-10-07 12:15:54,2026-10-07 12:15:54,1,294,294,294,В дорозі,Висока,,29,25,0,1,2026-10-07 19:29:52,294,,195,first_seen,0
21/22|Харків-Пас.|Львів|@20261007-1215,21/22|Харків-Пас.|Львів|,21/22,,Харків-Пас.,Львів,both,2026-10-07 12:15:54,2026-10-07 12:15:54,1,238,238,238,В дорозі,Висока,,16,13,0,1,2026-10-07 19:29:52,238,,227,absent_44.6h_over_7_runs,0
43/44|Івано-Франківськ|Черкаси|@20261007-1215,43/44|Івано-Франківськ|Черкаси|,43/44,,Івано-Франківськ,Черкаси,transit,2026-10-07 12:15:54,2026-10-07 12:15:54,1,209,209,209,В дорозі,Висока,,14,11,0,1,2026-10-07 19:29:52,209,,199,first_seen,0
61/62|Івано-Франківськ|Дніпро-Головний|@20261007-1215,61/62|Івано-Франківськ|Дніпро-Головний|,61/62,,Івано-Франківськ,Дніпро-Головний,both,2026-10-07 12:15:54,2026-10-07 12:15:54,1,204,204,204,В дорозі,Висока,,13,12,0,1,2026-10-07 19:29:52,204,,206,absent_44.6h_over_7_runs,0
261/262|Чернівці|Дніпро-Головний|@20261007-1215,261/262|Чернівці|Дніпро-Головний|,261/262,,Чернівці,Дніпро-Головний,both,2026-10-07 12:15:54,2026-10-07 12:15:54,1,204,204,204,В дорозі,Висока,,16,15,0,1,2026-10-07 19:29:52,204,,206,absent_44.6h_over_7_runs,0
93/94|Хелм|Харків-Пас.|@20261007-1215,93/94|Хелм|Харків-Пас.|,93/94,,Хелм,Харків-Пас.,both,2026-10-07 12:15:54,2026-10-07 12:15:54,1,196,196,196,В дорозі,Висока,,11,10,0,1,2026-10-07 19:29:52,196,,201,absent_18.6h_over_4_runs,0
1/2|Рахів|Харків-Пас.|@20261007-1215,1/2|Рахів|Харків-Пас.|,1/2,,Рахів,Харків-Пас.,both,2026-10-07 12:15:54,2026-10-07 12:15:54,1,182,182,182,В дорозі,Висока,,12,11,0,1,2026-10-07 19:29:52,182,,168,absent_18.6h_over_4_runs,0
731/732|Київ-Пас.|Дніпро-Головний|@20261007-1215,731/732|Київ-Пас.|Дніпро-Головний|,731/732,,Київ-Пас.,Дніпро-Головний,both,2026-10-07 12:15:54,2026-10-07 12:15:54,1,174,174,174,В дорозі,Висока,,9,7,0,1,2026-10-07 19:29:52,174,,175,first_seen,0
99/100|Київ-Пас.|Бухарест|07.10@20261007-1215,99/100|Київ-Пас.|Бухарест|07.10,99/100,07.10,Київ-Пас.,Бухарест,endpoint,2026-10-07 12:15:54,2026-10-08 04:09:20,4,128,163,128,В дорозі,Висока,,0,0,0,1,2026-10-08 10:21:55,128,,169,first_seen,1
67/68|Київ-Пас.|Варшава Заходня|06.10@20261007-1215,67/68|Київ-Пас.|Варшава Заходня|06.10,67/68,06.10,Київ-Пас.,Варшава Заходня,both,2026-10-07 12:15:54,2026-10-07 12:15:54,1,150,150,150,В дорозі,Висока,,3,2,0,1,2026-10-07 19:29:52,150,,10,first_seen,0
113/114|Харків-Пас.|Ужгород|06.10@20261007-1215,113/114|Харків-Пас.|Ужгород|06.10,113/114,06.10,Харків-Пас.,Ужгород,both,2026-10-07 12:15:54,2026-10-07 19:29:52,2,55,98,55,В дорозі,Висока,,41,22,0,1,2026-10-08 00:28:04,55,,101,first_seen,1
705/706|Перемишль|Київ-Пас.|@20261007-1215,705/706|Перемишль|Київ-Пас.|,705/706,,Перемишль,Київ-Пас.,both,2026-10-07 12:15:54,2026-10-07 12:15:54,1,86,86,86,В дорозі,Висока,,8,3,0,1,2026-10-07 19:29:52,86,,86,absent_31.8h_over_6_runs,0
119/120|Дніпро-Головний|Хелм|@20261007-1215,119/120|Дніпро-Головний|Хелм|,119/120,,Дніпро-Головний,Хелм,endpoint,2026-10-07 12:15:54,2026-10-07 19:29:52,2,101,101,85,В дорозі,Висока,,0,0,0,1,2026-10-08 00:28:04,101,,91,first_seen,1
79/80|Дніпро-Головний|Львів|@20261007-1215,79/80|Дніпро-Головний|Львів|,79/80,,Дніпро-Головний,Львів,both,2026-10-07 12:15:54,2026-10-07 12:15:54,1,81,81,81,В дорозі,Висока,,16,13,0,1,2026-10-07 19:29:52,81,,91,first_seen,0
63/64|Харків-Пас.|Перемишль|@20261007-1215,63/64|Харків-Пас.|Перемишль|,63/64,,Харків-Пас.,Перемишль,both,2026-10-07 12:15:54,2026-10-07 19:29:52,2,115,115,71,В дорозі,Висока,,14,13,0,1,2026-10-08 00:28:04,115,,114,absent_6.7h_over_1_runs,1
9/10|Будапешт-Келеті|Київ-Пас.|@20261007-1215,9/10|Будапешт-Келеті|Київ-Пас.|,9/10,,Будапешт-Келеті,Київ-Пас.,both,2026-10-07 12:15:54,2026-10-07 19:29:52,2,118,118,60,В дорозі,Висока,,7,6,0,1,2026-10-08 00:28:04,118,,104,absent_13.4h_over_3_runs,1
721/722|Київ-Пас.|Харків-Пас.|@20261007-1215,721/722|Київ-Пас.|Харків-Пас.|,721/722,,Київ-Пас.,Харків-Пас.,both,2026-10-07 12:15:54,2026-10-07 12:15:54,1,49,49,49,В дорозі,Висока,,8,6,0,1,2026-10-07 19:29:52,49,,52,first_seen,0
773/774|Жмеринка-Пас.|Конотоп-Пас.|@20261007-1215,773/774|Жмеринка-Пас.|Конотоп-Пас.|,773/774,,Жмеринка-Пас.,Конотоп-Пас.,transit,2026-10-07 12:15:54,2026-10-07 12:15:54,1,34,34,34,В дорозі,Висока,,16,9,0,1,2026-10-07 19:29:52,34,,34,first_seen,0
749/750|Ужгород|Київ-Пас.|@20261007-1215,749/750|Ужгород|Київ-Пас.|,749/750,,Ужгород,Київ-Пас.,both,2026-10-07 12:15:54,2026-10-07 12:15:54,1,33,33,33,В дорозі,Висока,,7,6,0,1,2026-10-07 19:29:52,33,,8,absent_13.4h_over_3_runs,0
85/86|Дніпро-Головний|Львів|07.10@20261007-1929,85/86|Дніпро-Головний|Львів|07.10,85/86,07.10,Дніпро-Головний,Львів,both,2026-10-07 19:29:52,2026-10-08 10:21:55,4,180,265,180,В дорозі,Висока,,28,23,0,1,2026-10-08 17:45:37,180,,267,first_seen,1
41/42|Дніпро-Головний|Трускавець|07.10@20261007-1929,41/42|Дніпро-Головний|Трускавець|07.10,41/42,07.10,Дніпро-Головний,Трускавець,both,2026-10-07 19:29:52,2026-10-08 10:21:55,4,180,265,180,В дорозі,Висока,,30,28,0,1,2026-10-08 17:45:37,180,,267,first_seen,1
3/4|Дніпро-Головний|Ужгород|07.10@20261007-1929,3/4|Дніпро-Головний|Ужгород|07.10,3/4,07.10,Дніпро-Головний,Ужгород,both,2026-10-07 19:29:52,2026-10-08 10:21:55,4,200,263,191,В дорозі,Висока,,15,13,0,1,2026-10-08 17:45:37,200,,290,first_seen,1
61/62|Дніпро-Головний|Івано-Франківськ|@20261007-1929,61/62|Дніпро-Головний|Івано-Франківськ|,61/62,,Дніпро-Головний,Івано-Франківськ,both,2026-10-07 19:29:52,2026-10-08 10:21:55,4,220,220,147,В дорозі,Висока,,14,13,0,1,2026-10-08 17:45:37,220,,223,absent_32.6h_over_6_runs,1
261/262|Дніпро-Головний|Чернівці|@20261007-1929,261/262|Дніпро-Головний|Чернівці|,261/262,,Дніпро-Головний,Чернівці,both,2026-10-07 19:29:52,2026-10-08 10:21:55,4,220,220,147,В дорозі,Висока,,17,13,0,1,2026-10-08 17:45:37,220,,223,absent_25.8h_over_5_runs,1
31/32|Запоріжжя-1|Перемишль|07.10@20261007-1929,31/32|Запоріжжя-1|Перемишль|07.10,31/32,07.10,Запоріжжя-1,Перемишль,transit,2026-10-07 19:29:52,2026-10-08 10:21:55,4,150,150,45,В дорозі,Висока,,16,15,0,1,2026-10-08 17:45:37,150,,181,first_seen,1
127/128|Дніпро-Головний|Львів|07.10@20261007-1929,127/128|Дніпро-Головний|Львів|07.10,127/128,07.10,Дніпро-Головний,Львів,both,2026-10-07 19:29:52,2026-10-08 10:21:55,4,36,70,36,В дорозі,Висока,,28,23,0,1,2026-10-08 17:45:37,36,,73,first_seen,1
749/750|Київ-Пас.|Ужгород|@20261007-1929,749/750|Київ-Пас.|Ужгород|,749/750,,Київ-Пас.,Ужгород,both,2026-10-07 19:29:52,2026-10-08 00:28:04,2,105,105,62,В дорозі,Висока,,8,7,0,1,2026-10-08 04:09:20,105,,107,absent_17.0h_over_3_runs,1
1/2|Харків-Пас.|Рахів|@20261007-1929,1/2|Харків-Пас.|Рахів|,1/2,,Харків-Пас.,Рахів,both,2026-10-07 19:29:52,2026-10-08 10:21:55,4,75,89,60,В дорозі,Висока,,15,14,0,1,2026-10-08 17:45:37,75,,104,absent_7.2h_over_1_runs,1
5/6|Запоріжжя-1|Ясіня|07.10@20261007-1929,5/6|Запоріжжя-1|Ясіня|07.10,5/6,07.10,Запоріжжя-1,Ясіня,transit,2026-10-07 19:29:52,2026-10-08 10:21:55,4,120,120,58,В дорозі,Висока,,19,15,0,1,2026-10-08 17:45:37,120,,137,first_seen,1
9/10|Київ-Пас.|Будапешт-Келеті|@20261007-1929,9/10|Київ-Пас.|Будапешт-Келеті|,9/10,,Київ-Пас.,Будапешт-Келеті,endpoint,2026-10-07 19:29:52,2026-10-08 00:28:04,2,57,57,56,В дорозі,Висока,,0,0,0,1,2026-10-08 04:09:20,57,,52,absent_7.2h_over_1_runs,1
21/22|Львів|Харків-Пас.|07.10@20261007-1929,21/22|Львів|Харків-Пас.|07.10,21/22,07.10,Львів,Харків-Пас.,both,2026-10-07 19:29:52,2026-10-08 10:21:55,4,160,160,56,В дорозі,Висока,,15,13,0,1,2026-10-08 17:45:37,160,,161,first_seen,1
121/122|Миколаїв Пас.|Київ-Пас.|07.10@20261007-1929,121/122|Миколаїв Пас.|Київ-Пас.|07.10,121/122,07.10,Миколаїв Пас.,Київ-Пас.,both,2026-10-07 19:29:52,2026-10-08 10:21:55,4,370,445,50,В дорозі,Висока,,21,18,0,1,2026-10-08 17:45:37,370,,445,first_seen,1
5/6|Ясіня|Запоріжжя-1|07.10@20261007-1929,5/6|Ясіня|Запоріжжя-1|07.10,5/6,07.10,Ясіня,Запоріжжя-1,transit,2026-10-07 19:29:52,2026-10-07 19:29:52,1,41,41,41,В дорозі,Висока,,19,6,0,1,2026-10-08 00:28:04,41,,87,first_seen,0
63/64|Перемишль|Харків-Пас.|@20261007-1929,63/64|Перемишль|Харків-Пас.|,63/64,,Перемишль,Харків-Пас.,both,2026-10-07 19:29:52,2026-10-08 00:28:04,2,25,41,25,В дорозі,Висока,,13,8,0,1,2026-10-08 04:09:20,25,,65,absent_17.0h_over_3_runs,1
733/734|Київ-Пас.|Дніпро-Головний|@20261007-1929,733/734|Київ-Пас.|Дніпро-Головний|,733/734,,Київ-Пас.,Дніпро-Головний,both,2026-10-07 19:29:52,2026-10-07 19:29:52,1,35,35,35,В дорозі,Висока,,8,3,0,1,2026-10-08 00:28:04,35,,36,first_seen,0
143/144|Ясіня|Конотоп-Пас.|@20261007-1929,143/144|Ясіня|Конотоп-Пас.|,143/144,,Ясіня,Конотоп-Пас.,transit,2026-10-07 19:29:52,2026-10-07 19:29:52,1,29,29,29,В дорозі,Висока,,21,9,0,1,2026-10-08 00:28:04,29,,34,first_seen,0
67/68|Київ-Пас.|Варшава Заходня|@20261008-0028,67/68|Київ-Пас.|Варшава Заходня|,67/68,,Київ-Пас.,Варшава Заходня,both,2026-10-08 00:28:04,2026-10-08 10:21:55,3,220,220,129,В дорозі,Середня,,5,4,0,1,2026-10-08 17:45:37,220,,145,first_seen,1
39/40|Солотвино-1|Запоріжжя-1|@20261008-0028,39/40|Солотвино-1|Запоріжжя-1|,39/40,,Солотвино-1,Запоріжжя-1,transit,2026-10-08 00:28:04,2026-10-08 10:21:55,3,160,160,121,В дорозі,Висока,,32,31,0,1,2026-10-08 17:45:37,160,,161,first_seen,1
5/6|Ясіня|Запоріжжя-1|@20261008-0028,5/6|Ясіня|Запоріжжя-1|,5/6,,Ясіня,Запоріжжя-1,transit,2026-10-08 00:28:04,2026-10-08 10:21:55,3,160,160,121,В дорозі,Висока,,20,19,0,1,2026-10-08 17:45:37,160,,161,absent_5.0h_over_1_runs,1
77/78|Ковель-Пас.|Одеса-Головна|@20261008-0028,77/78|Ковель-Пас.|Одеса-Головна|,77/78,,Ковель-Пас.,Одеса-Головна,both,2026-10-08 00:28:04,2026-10-08 04:09:20,2,88,119,88,В дорозі,Висока,,28,19,0,1,2026-10-08 10:21:55,88,,121,first_seen,0
43/44|Черкаси|Івано-Франківськ|@20261008-0028,43/44|Черкаси|Івано-Франківськ|,43/44,,Черкаси,Івано-Франківськ,transit,2026-10-08 00:28:04,2026-10-08 10:21:55,3,102,113,96,В дорозі,Висока,,16,15,0,1,2026-10-08 23:10:13,102,,113,absent_12.2h_over_2_runs,1
37/38|Запоріжжя-1|Київ-Пас.|07.10@20261008-0028,37/38|Запоріжжя-1|Київ-Пас.|07.10,37/38,07.10,Запоріжжя-1,Київ-Пас.,both,2026-10-08 00:28:04,2026-10-08 00:28:04,1,101,101,101,В дорозі,Висока,,8,5,0,1,2026-10-08 04:09:20,101,,129,first_seen,0
705/706|Київ-Пас.|Перемишль|@20261008-0028,705/706|Київ-Пас.|Перемишль|,705/706,,Київ-Пас.,Перемишль,both,2026-10-08 00:28:04,2026-10-08 04:09:20,2,92,97,92,В дорозі,Висока,,8,7,0,1,2026-10-08 10:21:55,92,,104,first_seen,0
15/16|Чернівці|Харків-Пас.|@20261008-0028,15/16|Чернівці|Харків-Пас.|,15/16,,Чернівці,Харків-Пас.,both,2026-10-08 00:28:04,2026-10-08 10:21:55,3,240,240,96,В дорозі,Висока,,13,11,0,1,2026-10-08 17:45:37,240,,214,first_seen,1
51/52|Київ-Пас.|Перемишль|@20261008-0028,51/52|Київ-Пас.|Перемишль|,51/52,,Київ-Пас.,Перемишль,both,2026-10-08 00:28:04,2026-10-08 04:09:20,2,101,101,90,В дорозі,Висока,,5,4,0,1,2026-10-08 10:21:55,101,,31,absent_37.6h_over_7_runs,0
103/104|Берестин|Львів|@20261008-0028,103/104|Берестин|Львів|,103/104,,Берестин,Львів,both,2026-10-08 00:28:04,2026-10-08 00:28:04,1,80,80,80,В дорозі,Висока,,17,9,0,1,2026-10-08 04:09:20,80,,49,absent_12.2h_over_2_runs,0
7/8|Київ-Пас.|Чернівці|@20261008-0028,7/8|Київ-Пас.|Чернівці|,7/8,,Київ-Пас.,Чернівці,both,2026-10-08 00:28:04,2026-10-08 04:09:20,2,83,83,75,В дорозі,Висока,,5,2,0,1,2026-10-08 10:21:55,83,,,first_seen,0
49/50|Київ-Пас.|Трускавець|@20261008-0028,49/50|Київ-Пас.|Трускавець|,49/50,,Київ-Пас.,Трускавець,both,2026-10-08 00:28:04,2026-10-08 04:09:20,2,74,74,73,В дорозі,Висока,,4,1,0,1,2026-10-08 10:21:55,74,,,absent_12.2h_over_2_runs,0
95/96|Київ-Пас.|Рахів|@20261008-0028,95/96|Київ-Пас.|Рахів|,95/96,,Київ-Пас.,Рахів,both,2026-10-08 00:28:04,2026-10-08 10:21:55,3,70,74,70,В дорозі,Висока,,9,7,0,1,2026-10-08 17:45:37,70,,81,absent_12.2h_over_2_runs,1
93/94|Харків-Пас.|Хелм|@20261008-0028,93/94|Харків-Пас.|Хелм|,93/94,,Харків-Пас.,Хелм,both,2026-10-08 00:28:04,2026-10-08 10:21:55,3,93,93,47,В дорозі,Висока,,9,8,0,1,2026-10-08 17:45:37,93,,104,absent_12.2h_over_2_runs,1
37/38|Одеса-Головна|Ужгород|@20261008-0028,37/38|Одеса-Головна|Ужгород|,37/38,,Одеса-Головна,Ужгород,both,2026-10-08 00:28:04,2026-10-08 04:09:20,2,39,69,39,В дорозі,Висока,,23,11,0,1,2026-10-08 10:21:55,39,,79,absent_5.0h_over_1_runs,0
773/774|Конотоп-Пас.|Жмеринка-Пас.|@20261008-0028,773/774|Конотоп-Пас.|Жмеринка-Пас.|,773/774,,Конотоп-Пас.,Жмеринка-Пас.,transit,2026-10-08 00:28:04,2026-10-08 00:28:04,1,64,64,64,В дорозі,Висока,,17,17,1,1,2026-10-08 04:09:20,64,63,66,first_seen,0
105/106|Одеса-Головна|Київ-Пас.|@20261008-0028,105/106|Одеса-Головна|Київ-Пас.|,105/106,,Одеса-Головна,Київ-Пас.,both,2026-10-08 00:28:04,2026-10-08 04:09:20,2,128,128,61,В дорозі,Висока,,13,10,0,1,2026-10-08 10:21:55,128,,128,absent_12.2h_over_2_runs,0
17/18|Харків-Пас.|Ужгород|@20261008-0028,17/18|Харків-Пас.|Ужгород|,17/18,,Харків-Пас.,Ужгород,both,2026-10-08 00:28:04,2026-10-08 04:09:20,2,35,52,35,В дорозі,Висока,,12,6,0,1,2026-10-08 10:21:55,35,,28,first_seen,0
135/136|Одеса-Головна|Чернівці|07.10@20261008-0028,135/136|Одеса-Головна|Чернівці|07.10,135/136,07.10,Одеса-Головна,Чернівці,both,2026-10-08 00:28:04,2026-10-08 04:09:20,2,62,62,50,В дорозі,Висока,,24,13,0,1,2026-10-08 10:21:55,62,,69,first_seen,0
25/26|Одеса-Головна|Ясіня|07.10@20261008-0028,25/26|Одеса-Головна|Ясіня|07.10,25/26,07.10,Одеса-Головна,Ясіня,both,2026-10-08 00:28:04,2026-10-08 04:09:20,2,62,62,50,В дорозі,Висока,,27,13,0,1,2026-10-08 10:21:55,62,,69,first_seen,0
23/24|Київ-Пас.|Хелм|@20261008-0028,23/24|Київ-Пас.|Хелм|,23/24,,Київ-Пас.,Хелм,both,2026-10-08 00:28:04,2026-10-08 10:21:55,3,110,110,35,В дорозі,Висока,,6,5,0,1,2026-10-08 17:45:37,110,,53,absent_30.8h_over_6_runs,1
87/88|Дніпро-Головний|Ковель-Пас.|@20261008-0028,87/88|Дніпро-Головний|Ковель-Пас.|,87/88,,Дніпро-Головний,Ковель-Пас.,both,2026-10-08 00:28:04,2026-10-08 04:09:20,2,48,48,41,В дорозі,Висока,,34,16,0,1,2026-10-08 10:21:55,48,,56,absent_30.8h_over_6_runs,0
27/28|Чоп|Київ-Пас.|@20261008-0028,27/28|Чоп|Київ-Пас.|,27/28,,Чоп,Київ-Пас.,both,2026-10-08 00:28:04,2026-10-08 00:28:04,1,41,41,41,В дорозі,Висока,,5,2,0,1,2026-10-08 10:21:55,41,,41,absent_12.2h_over_2_runs,0
11/12|Одеса-Головна|Львів|@20261008-0028,11/12|Одеса-Головна|Львів|,11/12,,Одеса-Головна,Львів,both,2026-10-08 00:28:04,2026-10-08 04:09:20,2,78,78,41,В дорозі,Висока,,15,10,0,1,2026-10-08 10:21:55,78,,79,absent_12.2h_over_2_runs,0
35/36|Одеса-Головна|Перемишль|@20261008-0028,35/36|Одеса-Головна|Перемишль|,35/36,,Одеса-Головна,Перемишль,both,2026-10-08 00:28:04,2026-10-08 10:21:55,3,53,78,41,В дорозі,Висока,,16,15,0,1,2026-10-08 17:45:37,53,,79,absent_5.0h_over_1_runs,1
31/32|Перемишль|Запоріжжя-1|@20261008-0028,31/32|Перемишль|Запоріжжя-1|,31/32,,Перемишль,Запоріжжя-1,transit,2026-10-08 00:28:04,2026-10-08 10:21:55,3,160,160,34,В дорозі,Висока,,13,9,0,1,2026-10-08 17:45:37,160,,132,absent_5.0h_over_1_runs,1
7/8|Одеса-Головна|Харків-Пас.|@20261008-0028,7/8|Одеса-Головна|Харків-Пас.|,7/8,,Одеса-Головна,Харків-Пас.,both,2026-10-08 00:28:04,2026-10-08 00:28:04,1,31,31,31,В дорозі,Висока,,8,2,0,1,2026-10-08 04:09:20,31,,40,absent_30.8h_over_6_runs,0
119/120|Хелм|Дніпро-Головний|@20261008-0409,119/120|Хелм|Дніпро-Головний|,119/120,,Хелм,Дніпро-Головний,both,2026-10-08 04:09:20,2026-10-08 04:09:20,1,115,115,115,В дорозі,Висока,,14,10,0,1,2026-10-08 17:45:37,115,,117,absent_8.7h_over_2_runs,0
79/80|Львів|Дніпро-Головний|@20261008-0409,79/80|Львів|Дніпро-Головний|,79/80,,Львів,Дніпро-Головний,both,2026-10-08 04:09:20,2026-10-08 04:09:20,1,115,115,115,В дорозі,Висока,,15,11,0,1,2026-10-08 10:21:55,115,,117,absent_8.7h_over_2_runs,0
57/58|Київ-Пас.|Ясіня|@20261008-0409,57/58|Київ-Пас.|Ясіня|,57/58,,Київ-Пас.,Ясіня,both,2026-10-08 04:09:20,2026-10-08 10:21:55,2,40,101,40,В дорозі,Висока,,22,16,0,1,2026-10-08 17:45:37,40,,103,absent_15.9h_over_3_runs,1
59/60|Київ-Пас.|Чоп|@20261008-0409,59/60|Київ-Пас.|Чоп|,59/60,,Київ-Пас.,Чоп,both,2026-10-08 04:09:20,2026-10-08 10:21:55,2,50,101,50,В дорозі,Висока,,22,16,0,1,2026-10-08 17:45:37,50,,103,absent_15.9h_over_3_runs,1
37/38|Київ-Пас.|Запоріжжя-1|@20261008-0409,37/38|Київ-Пас.|Запоріжжя-1|,37/38,,Київ-Пас.,Запоріжжя-1,both,2026-10-08 04:09:20,2026-10-08 04:09:20,1,99,99,99,В дорозі,Висока,,10,5,0,1,2026-10-08 10:21:55,99,,99,absent_8.7h_over_2_runs,0
29/30|Київ-Пас.|Ужгород|@20261008-0409,29/30|Київ-Пас.|Ужгород|,29/30,,Київ-Пас.,Ужгород,both,2026-10-08 04:09:20,2026-10-08 04:09:20,1,99,99,99,В дорозі,Висока,,8,3,0,1,2026-10-08 10:21:55,99,,8,absent_41.3h_over_8_runs,0
27/28|Київ-Пас.|Чоп|@20261008-0409,27/28|Київ-Пас.|Чоп|,27/28,,Київ-Пас.,Чоп,both,2026-10-08 04:09:20,2026-10-08 04:09:20,1,99,99,99,В дорозі,Висока,,5,3,0,1,2026-10-08 10:21:55,99,,8,absent_41.3h_over_8_runs,0
75/76|Київ-Пас.|Кривий Ріг-Головний|@20261008-0409,75/76|Київ-Пас.|Кривий Ріг-Головний|,75/76,,Київ-Пас.,Кривий Ріг-Головний,both,2026-10-08 04:09:20,2026-10-08 04:09:20,1,82,82,82,В дорозі,Висока,,12,9,0,1,2026-10-08 10:21:55,82,,83,absent_15.9h_over_3_runs,0
133/134|Київ-Пас.|Кам'янець-Подільський|@20261008-0409,133/134|Київ-Пас.|Кам'янець-Подільський|,133/134,,Київ-Пас.,Кам'янець-Подільський,both,2026-10-08 04:09:20,2026-10-08 04:09:20,1,65,65,65,В дорозі,Висока,,14,8,0,1,2026-10-08 10:21:55,65,,71,first_seen,0
3/4|Ужгород|Дніпро-Головний|@20261008-0409,3/4|Ужгород|Дніпро-Головний|,3/4,,Ужгород,Дніпро-Головний,both,2026-10-08 04:09:20,2026-10-08 10:21:55,2,160,160,59,В дорозі,Висока,,15,13,0,1,2026-10-08 17:45:37,160,,132,absent_8.7h_over_2_runs,1
9/10|Київ-Пас.|Будапешт-Келеті|07.10@20261008-0409,9/10|Київ-Пас.|Будапешт-Келеті|07.10,9/10,07.10,Київ-Пас.,Будапешт-Келеті,endpoint,2026-10-08 04:09:20,2026-10-08 04:09:20,1,57,57,57,В дорозі,Висока,,0,0,0,1,2026-10-08 10:21:55,57,,,first_seen,0
81/82|Київ-Пас.|Ужгород|@20261008-0409,81/82|Київ-Пас.|Ужгород|,81/82,,Київ-Пас.,Ужгород,both,2026-10-08 04:09:20,2026-10-08 10:21:55,2,60,60,42,В дорозі,Висока,,13,8,0,1,2026-10-08 17:45:37,60,,63,absent_34.5h_over_7_runs,1
23/24|Хелм|Київ-Пас.|@20261008-0409,23/24|Хелм|Київ-Пас.|,23/24,,Хелм,Київ-Пас.,both,2026-10-08 04:09:20,2026-10-08 04:09:20,1,41,41,41,В дорозі,Висока,,4,2,0,1,2026-10-08 10:21:55,41,,41,absent_15.9h_over_3_runs,0
81/82|Ужгород|Київ-Пас.|@20261008-0409,81/82|Ужгород|Київ-Пас.|,81/82,,Ужгород,Київ-Пас.,both,2026-10-08 04:09:20,2026-10-08 04:09:20,1,38,38,38,В дорозі,Висока,,14,13,0,1,2026-10-08 10:21:55,38,,16,absent_15.9h_over_3_runs,0
113/114|Ужгород|Харків-Пас.|@20261008-0409,113/114|Ужгород|Харків-Пас.|,113/114,,Ужгород,Харків-Пас.,both,2026-10-08 04:09:20,2026-10-08 04:09:20,1,28,28,28,В дорозі,Висока,,42,40,0,1,2026-10-08 10:21:55,28,,52,absent_41.3h_over_8_runs,0
1/2|Рахів|Харків-Пас.|@20261008-1021,1/2|Рахів|Харків-Пас.|,1/2,,Рахів,Харків-Пас.,both,2026-10-08 10:21:55,2026-10-08 10:21:55,1,114,114,114,В дорозі,Висока,,16,15,0,1,2026-10-08 17:45:37,114,,92,absent_14.9h_over_3_runs,0
41/42|Трускавець|Дніпро-Головний|@20261008-1021,41/42|Трускавець|Дніпро-Головний|,41/42,,Трускавець,Дніпро-Головний,both,2026-10-08 10:21:55,2026-10-08 10:21:55,1,90,90,90,В дорозі,Висока,,31,29,0,1,2026-10-08 17:45:37,90,,98,absent_14.9h_over_3_runs,0
85/86|Львів|Дніпро-Головний|@20261008-1021,85/86|Львів|Дніпро-Головний|,85/86,,Львів,Дніпро-Головний,both,2026-10-08 10:21:55,2026-10-08 10:21:55,1,90,90,90,В дорозі,Висока,,28,26,0,1,2026-10-08 17:45:37,90,,98,absent_14.9h_over_3_runs,0
143/144|Ясіня|Конотоп-Пас.|@20261008-1021,143/144|Ясіня|Конотоп-Пас.|,143/144,,Ясіня,Конотоп-Пас.,transit,2026-10-08 10:21:55,2026-10-08 10:21:55,1,90,90,90,В дорозі,Висока,,23,21,0,1,2026-10-08 17:45:37,90,,95,absent_9.9h_over_2_runs,0
93/94|Хелм|Харків-Пас.|@20261008-1021,93/94|Хелм|Харків-Пас.|,93/94,,Хелм,Харків-Пас.,both,2026-10-08 10:21:55,2026-10-08 10:21:55,1,90,90,90,В дорозі,Висока,,10,8,0,1,2026-10-08 23:10:13,90,,80,absent_14.9h_over_3_runs,0
233/234|Чернівці|Кривий Ріг-Головний|@20261008-1021,233/234|Чернівці|Кривий Ріг-Головний|,233/234,,Чернівці,Кривий Ріг-Головний,transit,2026-10-08 10:21:55,2026-10-08 10:21:55,1,90,90,90,В дорозі,Висока,,13,12,0,1,2026-10-08 17:45:37,90,,99,absent_40.7h_over_8_runs,0
293/294|Ворохта|Кривий Ріг-Головний|@20261008-1021,293/294|Ворохта|Кривий Ріг-Головний|,293/294,,Ворохта,Кривий Ріг-Головний,transit,2026-10-08 10:21:55,2026-10-08 10:21:55,1,90,90,90,В дорозі,Висока,,14,13,0,1,2026-10-08 17:45:37,90,,99,absent_40.7h_over_8_runs,0
43/44|Івано-Франківськ|Черкаси|@20261008-1021,43/44|Івано-Франківськ|Черкаси|,43/44,,Івано-Франківськ,Черкаси,transit,2026-10-08 10:21:55,2026-10-08 10:21:55,1,70,70,70,В дорозі,Висока,,16,15,0,1,2026-10-08 17:45:37,70,,78,absent_14.9h_over_3_runs,0
129/130|Мукачево|Полтава-Півд.|@20261008-1021,129/130|Мукачево|Полтава-Півд.|,129/130,,Мукачево,Полтава-Півд.,both,2026-10-08 10:21:55,2026-10-08 10:21:55,1,70,70,70,В дорозі,Висока,,20,17,0,1,2026-10-08 17:45:37,70,,72,first_seen,0
69/70|Перемишль|Кременчук-Пас.|@20261008-1021,69/70|Перемишль|Кременчук-Пас.|,69/70,,Перемишль,Кременчук-Пас.,transit,2026-10-08 10:21:55,2026-10-08 10:21:55,1,70,70,70,В дорозі,Висока,,15,11,0,1,2026-10-08 17:45:37,70,,72,first_seen,0
131/132|Мукачево|Кременчук-Пас.|@20261008-1021,131/132|Мукачево|Кременчук-Пас.|,131/132,,Мукачево,Кременчук-Пас.,transit,2026-10-08 10:21:55,2026-10-08 10:21:55,1,70,70,70,В дорозі,Висока,,21,17,0,1,2026-10-08 17:45:37,70,,72,first_seen,0
27/28|Чоп|Київ-Пас.|@20261008-1021,27/28|Чоп|Київ-Пас.|,27/28,,Чоп,Київ-Пас.,both,2026-10-08 10:21:55,2026-10-08 10:21:55,1,70,70,70,В дорозі,Висока,,7,6,0,1,2026-10-08 17:45:37,70,,48,absent_6.2h_over_1_runs,0
95/96|Рахів|Київ-Пас.|@20261008-1021,95/96|Рахів|Київ-Пас.|,95/96,,Рахів,Київ-Пас.,both,2026-10-08 10:21:55,2026-10-08 10:21:55,1,70,70,70,В дорозі,Висока,,11,10,0,1,2026-10-08 17:45:37,70,,48,absent_22.1h_over_4_runs,0
67/68|Варшава Заходня|Київ-Пас.|@20261008-1021,67/68|Варшава Заходня|Київ-Пас.|,67/68,,Варшава Заходня,Київ-Пас.,both,2026-10-08 10:21:55,2026-10-08 10:21:55,1,60,60,60,В дорозі,Висока,,6,5,0,1,2026-10-08 17:45:37,60,,42,absent_40.7h_over_8_runs,0
731/732|Київ-Пас.|Дніпро-Головний|@20261008-1021,731/732|Київ-Пас.|Дніпро-Головний|,731/732,,Київ-Пас.,Дніпро-Головний,both,2026-10-08 10:21:55,2026-10-08 10:21:55,1,53,53,53,В дорозі,Висока,,7,3,0,1,2026-10-08 17:45:37,53,,55,absent_14.9h_over_3_runs,0
103/104|Львів|Берестин|@20261008-1021,103/104|Львів|Берестин|,103/104,,Львів,Берестин,both,2026-10-08 10:21:55,2026-10-08 10:21:55,1,50,50,50,В дорозі,Висока,,16,12,0,1,2026-10-08 17:45:37,50,,49,absent_14.9h_over_3_runs,0
109/110|Львів|Миколаїв Пас.|@20261008-1021,109/110|Львів|Миколаїв Пас.|,109/110,,Львів,Миколаїв Пас.,both,2026-10-08 10:21:55,2026-10-08 10:21:55,1,46,46,46,В дорозі,Висока,,25,23,0,1,2026-10-08 17:45:37,46,,33,absent_40.7h_over_8_runs,0
793/794|Черкаси|Київ-Пас.|@20261008-1021,793/794|Черкаси|Київ-Пас.|,793/794,,Черкаси,Київ-Пас.,both,2026-10-08 10:21:55,2026-10-08 10:21:55,1,45,45,45,В дорозі,Висока,,10,8,0,1,2026-10-08 17:45:37,45,,52,first_seen,0
9/10|Будапешт-Келеті|Київ-Пас.|@20261008-1021,9/10|Будапешт-Келеті|Київ-Пас.|,9/10,,Будапешт-Келеті,Київ-Пас.,both,2026-10-08 10:21:55,2026-10-08 17:45:37,2,60,60,44,В дорозі,Висока,,8,7,0,1,2026-10-08 23:10:13,60,,87,absent_9.9h_over_2_runs,1
109/110|Миколаїв Пас.|Львів|08.10@20261008-1745,109/110|Миколаїв Пас.|Львів|08.10,109/110,08.10,Миколаїв Пас.,Львів,both,2026-10-08 17:45:37,2026-10-09 09:27:04,4,227,240,152,В дорозі,Висока,,25,21,0,1,2026-10-09 16:34:12,227,,258,first_seen,1
5/6|Запоріжжя-1|Ясіня|08.10@20261008-1745,5/6|Запоріжжя-1|Ясіня|08.10,5/6,08.10,Запоріжжя-1,Ясіня,transit,2026-10-08 17:45:37,2026-10-09 16:34:12,5,302,302,180,В дорозі,Висока,,16,5,0,1,2026-10-09 22:00:14,302,,304,first_seen,1
39/40|Запоріжжя-1|Солотвино-1|08.10@20261008-1745,39/40|Запоріжжя-1|Солотвино-1|08.10,39/40,08.10,Запоріжжя-1,Солотвино-1,transit,2026-10-08 17:45:37,2026-10-09 16:34:12,5,362,413,180,В дорозі,Висока,,31,17,0,1,2026-10-09 22:00:14,362,,439,first_seen,1
31/32|Запоріжжя-1|Перемишль|08.10@20261008-1745,31/32|Запоріжжя-1|Перемишль|08.10,31/32,08.10,Запоріжжя-1,Перемишль,transit,2026-10-08 17:45:37,2026-10-09 09:27:04,4,320,320,180,В дорозі,Висока,,14,12,0,1,2026-10-09 16:34:12,320,,325,first_seen,1
3/4|Дніпро-Головний|Ужгород|08.10@20261008-1745,3/4|Дніпро-Головний|Ужгород|08.10,3/4,08.10,Дніпро-Головний,Ужгород,both,2026-10-08 17:45:37,2026-10-09 16:34:12,5,482,482,180,В дорозі,Висока,,20,16,0,1,2026-10-09 22:00:14,482,,482,first_seen,1
119/120|Хелм|Дніпро-Головний|@20261008-1745,119/120|Хелм|Дніпро-Головний|,119/120,,Хелм,Дніпро-Головний,both,2026-10-08 17:45:37,2026-10-09 09:27:04,4,232,300,170,В дорозі,Висока,,14,12,0,1,2026-10-09 22:00:14,232,,319,absent_7.4h_over_1_runs,1
63/64|Харків-Пас.|Перемишль|@20261008-1745,63/64|Харків-Пас.|Перемишль|,63/64,,Харків-Пас.,Перемишль,both,2026-10-08 17:45:37,2026-10-08 17:45:37,1,90,90,90,В дорозі,Висока,,12,11,0,1,2026-10-08 23:10:13,90,,68,absent_17.3h_over_3_runs,0
63/64|Перемишль|Харків-Пас.|@20261008-1745,63/64|Перемишль|Харків-Пас.|,63/64,,Перемишль,Харків-Пас.,both,2026-10-08 17:45:37,2026-10-08 23:10:13,2,110,110,80,В дорозі,Висока,,12,6,0,1,2026-10-09 03:21:34,110,,111,absent_13.6h_over_2_runs,1
119/120|Дніпро-Головний|Хелм|@20261008-1745,119/120|Дніпро-Головний|Хелм|,119/120,,Дніпро-Головний,Хелм,both,2026-10-08 17:45:37,2026-10-08 17:45:37,1,60,60,60,В дорозі,Висока,,14,13,0,1,2026-10-09 03:21:34,60,,64,absent_17.3h_over_3_runs,0
771/772|Київ-Пас.|Хмельницький|@20261008-1745,771/772|Київ-Пас.|Хмельницький|,771/772,,Київ-Пас.,Хмельницький,both,2026-10-08 17:45:37,2026-10-08 17:45:37,1,55,55,55,В дорозі,Висока,,10,4,0,1,2026-10-08 23:10:13,55,,12,first_seen,0
749/750|Київ-Пас.|Ужгород|@20261008-1745,749/750|Київ-Пас.|Ужгород|,749/750,,Київ-Пас.,Ужгород,both,2026-10-08 17:45:37,2026-10-08 23:10:13,2,60,60,50,В дорозі,Висока,,8,5,0,1,2026-10-09 03:21:34,60,,65,absent_13.6h_over_2_runs,1
771/772|Хмельницький|Київ-Пас.|@20261008-1745,771/772|Хмельницький|Київ-Пас.|,771/772,,Хмельницький,Київ-Пас.,both,2026-10-08 17:45:37,2026-10-08 17:45:37,1,45,45,45,В дорозі,Висока,,14,14,1,1,2026-10-08 23:10:13,45,52,52,first_seen,0
9/10|Київ-Пас.|Будапешт-Келеті|@20261008-1745,9/10|Київ-Пас.|Будапешт-Келеті|,9/10,,Київ-Пас.,Будапешт-Келеті,both,2026-10-08 17:45:37,2026-10-08 23:10:13,2,50,50,40,В дорозі,Висока,,4,4,1,1,2026-10-09 03:21:34,50,52,53,absent_13.6h_over_2_runs,1
773/774|Конотоп-Пас.|Жмеринка-Пас.|@20261008-1745,773/774|Конотоп-Пас.|Жмеринка-Пас.|,773/774,,Конотоп-Пас.,Жмеринка-Пас.,transit,2026-10-08 17:45:37,2026-10-08 17:45:37,1,40,40,40,В дорозі,Висока,,17,6,0,1,2026-10-08 23:10:13,40,,42,absent_13.6h_over_2_runs,0
45/46|Харків-Пас.|Ужгород|@20261008-1745,45/46|Харків-Пас.|Ужгород|,45/46,,Харків-Пас.,Ужгород,both,2026-10-08 17:45:37,2026-10-08 17:45:37,1,40,40,40,В дорозі,Висока,,23,6,0,1,2026-10-08 23:10:13,40,,34,first_seen,0
749/750|Ужгород|Київ-Пас.|@20261008-1745,749/750|Ужгород|Київ-Пас.|,749/750,,Ужгород,Київ-Пас.,both,2026-10-08 17:45:37,2026-10-08 17:45:37,1,36,36,36,В дорозі,Висока,,7,7,1,1,2026-10-08 23:10:13,36,40,40,absent_22.3h_over_4_runs,0
5/6|Ясіня|Запоріжжя-1|@20261008-1745,5/6|Ясіня|Запоріжжя-1|,5/6,,Ясіня,Запоріжжя-1,transit,2026-10-08 17:45:37,2026-10-09 09:27:04,4,109,110,32,В дорозі,Висока,,22,18,0,1,2026-10-09 16:34:12,109,,121,delay_drop_128,1
705/706|Перемишль|Київ-Пас.|@20261008-1745,705/706|Перемишль|Київ-Пас.|,705/706,,Перемишль,Київ-Пас.,both,2026-10-08 17:45:37,2026-10-08 17:45:37,1,30,30,30,В дорозі,Висока,,8,7,0,1,2026-10-08 23:10:13,30,,36,absent_22.3h_over_4_runs,0
121/122|Миколаїв Пас.|Київ-Пас.|@20261008-2310,121/122|Миколаїв Пас.|Київ-Пас.|,121/122,,Миколаїв Пас.,Київ-Пас.,both,2026-10-08 23:10:13,2026-10-09 09:27:04,3,492,570,300,В дорозі,Висока,,20,13,0,1,2026-10-09 22:00:14,492,,578,absent_34.9h_over_6_runs,1
793/794|Київ-Пас.|Черкаси|@20261008-2310,793/794|Київ-Пас.|Черкаси|,793/794,,Київ-Пас.,Черкаси,both,2026-10-08 23:10:13,2026-10-08 23:10:13,1,160,160,160,В дорозі,Висока,,11,10,0,1,2026-10-09 03:21:34,160,,173,first_seen,0
791/792|Київ-Пас.|Кременчук-Пас.|@20261008-2310,791/792|Київ-Пас.|Кременчук-Пас.|,791/792,,Київ-Пас.,Кременчук-Пас.,both,2026-10-08 23:10:13,2026-10-08 23:10:13,1,145,145,145,В дорозі,Висока,,10,9,0,1,2026-10-09 03:21:34,145,,154,absent_44.7h_over_8_runs,0
789/790|Київ-Пас.|Кропивницький|@20261008-2310,789/790|Київ-Пас.|Кропивницький|,789/790,,Київ-Пас.,Кропивницький,both,2026-10-08 23:10:13,2026-10-08 23:10:13,1,145,145,145,В дорозі,Висока,,13,8,0,1,2026-10-09 03:21:34,145,,154,absent_44.7h_over_8_runs,0
733/734|Київ-Пас.|Дніпро-Головний|@20261008-2310,733/734|Київ-Пас.|Дніпро-Головний|,733/734,,Київ-Пас.,Дніпро-Головний,both,2026-10-08 23:10:13,2026-10-08 23:10:13,1,120,120,120,В дорозі,Висока,,9,6,0,1,2026-10-09 03:21:34,120,,132,absent_22.7h_over_4_runs,0
233/234|Кривий Ріг-Головний|Чернівці|@20261008-2310,233/234|Кривий Ріг-Головний|Чернівці|,233/234,,Кривий Ріг-Головний,Чернівці,transit,2026-10-08 23:10:13,2026-10-09 09:27:04,3,253,253,120,В дорозі,Висока,,11,5,0,1,2026-10-09 16:34:12,253,,94,absent_27.7h_over_5_runs,1
293/294|Кривий Ріг-Головний|Ворохта|@20261008-2310,293/294|Кривий Ріг-Головний|Ворохта|,293/294,,Кривий Ріг-Головний,Ворохта,transit,2026-10-08 23:10:13,2026-10-09 09:27:04,3,253,253,120,В дорозі,Висока,,12,5,0,1,2026-10-09 16:34:12,253,,94,absent_27.7h_over_5_runs,1
41/42|Дніпро-Головний|Трускавець|@20261008-2310,41/42|Дніпро-Головний|Трускавець|,41/42,,Дніпро-Головний,Трускавець,both,2026-10-08 23:10:13,2026-10-09 09:27:04,3,286,286,100,В дорозі,Висока,,32,22,0,1,2026-10-09 16:34:12,286,,288,absent_27.7h_over_5_runs,1
85/86|Дніпро-Головний|Львів|@20261008-2310,85/86|Дніпро-Головний|Львів|,85/86,,Дніпро-Головний,Львів,both,2026-10-08 23:10:13,2026-10-09 09:27:04,3,286,286,100,В дорозі,Висока,,30,22,0,1,2026-10-09 16:34:12,286,,288,absent_34.9h_over_6_runs,1
731/732|Дніпро-Головний|Київ-Пас.|@20261008-2310,731/732|Дніпро-Головний|Київ-Пас.|,731/732,,Дніпро-Головний,Київ-Пас.,both,2026-10-08 23:10:13,2026-10-08 23:10:13,1,80,80,80,В дорозі,Висока,,9,8,0,1,2026-10-09 03:21:34,80,,90,absent_44.7h_over_8_runs,0
15/16|Харків-Пас.|Чернівці|@20261008-2310,15/16|Харків-Пас.|Чернівці|,15/16,,Харків-Пас.,Чернівці,both,2026-10-08 23:10:13,2026-10-09 09:27:04,3,105,105,80,В дорозі,Висока,,10,8,0,1,2026-10-09 16:34:12,105,,136,absent_34.9h_over_6_runs,1
43/44|Черкаси|Івано-Франківськ|@20261008-2310,43/44|Черкаси|Івано-Франківськ|,43/44,,Черкаси,Івано-Франківськ,transit,2026-10-08 23:10:13,2026-10-09 09:27:04,3,106,106,70,В дорозі,Висока,,16,12,0,1,2026-10-09 16:34:12,106,,124,absent_5.4h_over_1_runs,1
87/88|Ковель-Пас.|Дніпро-Головний|@20261008-2310,87/88|Ковель-Пас.|Дніпро-Головний|,87/88,,Ковель-Пас.,Дніпро-Головний,both,2026-10-08 23:10:13,2026-10-09 09:27:04,3,83,83,60,В дорозі,Висока,,29,24,0,1,2026-10-09 16:34:12,83,,108,absent_27.7h_over_5_runs,1
93/94|Хелм|Харків-Пас.|@20261008-2310,93/94|Хелм|Харків-Пас.|,93/94,,Хелм,Харків-Пас.,both,2026-10-08 23:10:13,2026-10-09 09:27:04,3,176,176,50,В дорозі,Висока,,10,7,0,1,2026-10-09 16:34:12,176,,161,absent_5.4h_over_1_runs,1
17/18|Ужгород|Харків-Пас.|@20261008-2310,17/18|Ужгород|Харків-Пас.|,17/18,,Ужгород,Харків-Пас.,both,2026-10-08 23:10:13,2026-10-09 09:27:04,3,120,120,50,В дорозі,Висока,,15,14,0,1,2026-10-09 16:34:12,120,,140,first_seen,1
97/98|Ковель-Пас.|Київ-Пас.|@20261008-2310,97/98|Ковель-Пас.|Київ-Пас.|,97/98,,Ковель-Пас.,Київ-Пас.,both,2026-10-08 23:10:13,2026-10-09 09:27:04,3,240,240,45,В дорозі,Висока,,15,14,0,1,2026-10-09 16:34:12,240,,238,first_seen,1
13/14|Київ-Пас.|Солотвино-1|@20261008-2310,13/14|Київ-Пас.|Солотвино-1|,13/14,,Київ-Пас.,Солотвино-1,both,2026-10-08 23:10:13,2026-10-09 03:21:34,2,50,50,35,В дорозі,Висока,,28,10,0,1,2026-10-09 09:27:04,50,,59,first_seen,1
351/352|Київ-Пас.|Кишинеу|@20261008-2310,351/352|Київ-Пас.|Кишинеу|,351/352,,Київ-Пас.,Кишинеу,both,2026-10-08 23:10:13,2026-10-08 23:10:13,1,32,32,32,В дорозі,Висока,,10,7,0,1,2026-10-09 03:21:34,32,,47,first_seen,0
55/56|Київ-Пас.|Ясіня|@20261008-2310,55/56|Київ-Пас.|Ясіня|,55/56,,Київ-Пас.,Ясіня,both,2026-10-08 23:10:13,2026-10-08 23:10:13,1,30,30,30,В дорозі,Висока,,17,6,0,1,2026-10-09 03:21:34,30,,32,first_seen,0
37/38|Запоріжжя-1|Київ-Пас.|@20261009-0321,37/38|Запоріжжя-1|Київ-Пас.|,37/38,,Запоріжжя-1,Київ-Пас.,both,2026-10-09 03:21:34,2026-10-09 03:21:34,1,195,195,195,В дорозі,Висока,,8,6,0,1,2026-10-09 09:27:04,195,,228,absent_48.8h_over_9_runs,0
27/28|Чоп|Київ-Пас.|@20261009-0321,27/28|Чоп|Київ-Пас.|,27/28,,Чоп,Київ-Пас.,both,2026-10-09 03:21:34,2026-10-09 09:27:04,2,177,177,175,В дорозі,Висока,,5,3,0,1,2026-10-09 16:34:12,177,,180,absent_9.6h_over_2_runs,1
61/62|Івано-Франківськ|Дніпро-Головний|@20261009-0321,61/62|Івано-Франківськ|Дніпро-Головний|,61/62,,Івано-Франківськ,Дніпро-Головний,both,2026-10-09 03:21:34,2026-10-09 16:34:12,3,282,282,150,В дорозі,Висока,,18,17,0,1,2026-10-09 22:00:14,282,,292,absent_31.9h_over_6_runs,1
261/262|Чернівці|Дніпро-Головний|@20261009-0321,261/262|Чернівці|Дніпро-Головний|,261/262,,Чернівці,Дніпро-Головний,both,2026-10-09 03:21:34,2026-10-09 16:34:12,3,282,282,150,В дорозі,Висока,,22,21,0,1,2026-10-09 22:00:14,282,,292,absent_31.9h_over_6_runs,1
1/2|Рахів|Харків-Пас.|@20261009-0321,1/2|Рахів|Харків-Пас.|,1/2,,Рахів,Харків-Пас.,both,2026-10-09 03:21:34,2026-10-09 09:27:04,2,160,160,120,В дорозі,Висока,,12,10,0,1,2026-10-09 16:34:12,160,,168,absent_9.6h_over_2_runs,1
75/76|Кривий Ріг-Головний|Київ-Пас.|@20261009-0321,75/76|Кривий Ріг-Головний|Київ-Пас.|,75/76,,Кривий Ріг-Головний,Київ-Пас.,both,2026-10-09 03:21:34,2026-10-09 03:21:34,1,120,120,120,В дорозі,Висока,,6,5,0,1,2026-10-09 09:27:04,120,,123,absent_39.1h_over_7_runs,0
67/68|Київ-Пас.|Варшава Заходня|@20261009-0321,67/68|Київ-Пас.|Варшава Заходня|,67/68,,Київ-Пас.,Варшава Заходня,both,2026-10-09 03:21:34,2026-10-09 09:27:04,2,219,219,120,В дорозі,Висока,,6,5,0,1,2026-10-09 16:34:12,219,,127,absent_9.6h_over_2_runs,1
53/54|Дніпро-Головний|Одеса-Головна|@20261009-0321,53/54|Дніпро-Головний|Одеса-Головна|,53/54,,Дніпро-Головний,Одеса-Головна,both,2026-10-09 03:21:34,2026-10-09 03:21:34,1,110,110,110,В дорозі,Висока,,11,7,0,1,2026-10-09 09:27:04,110,,131,first_seen,0
253/254|Кривий Ріг-Головний|Одеса-Головна|@20261009-0321,253/254|Кривий Ріг-Головний|Одеса-Головна|,253/254,,Кривий Ріг-Головний,Одеса-Головна,both,2026-10-09 03:21:34,2026-10-09 03:21:34,1,110,110,110,В дорозі,Висока,,11,7,0,1,2026-10-09 09:27:04,110,,112,first_seen,0
11/12|Львів|Одеса-Головна|@20261009-0321,11/12|Львів|Одеса-Головна|,11/12,,Львів,Одеса-Головна,both,2026-10-09 03:21:34,2026-10-09 09:27:04,2,110,110,100,В дорозі,Висока,,12,11,0,1,2026-10-09 16:34:12,110,,124,absent_39.1h_over_7_runs,1
35/36|Перемишль|Одеса-Головна|@20261009-0321,35/36|Перемишль|Одеса-Головна|,35/36,,Перемишль,Одеса-Головна,both,2026-10-09 03:21:34,2026-10-09 09:27:04,2,110,110,100,В дорозі,Висока,,13,12,0,1,2026-10-09 16:34:12,110,,122,absent_39.1h_over_7_runs,1
107/108|Київ-Пас.|Солотвино-1|@20261009-0321,107/108|Київ-Пас.|Солотвино-1|,107/108,,Київ-Пас.,Солотвино-1,both,2026-10-09 03:21:34,2026-10-09 03:21:34,1,100,100,100,В дорозі,Висока,,28,15,0,1,2026-10-09 09:27:04,100,,111,first_seen,0
81/82|Ужгород|Київ-Пас.|@20261009-0321,81/82|Ужгород|Київ-Пас.|,81/82,,Ужгород,Київ-Пас.,both,2026-10-09 03:21:34,2026-10-09 09:27:04,2,172,172,100,В дорозі,Висока,,12,12,1,1,2026-10-09 16:34:12,172,169,169,absent_17.0h_over_3_runs,1
89/90|Перемишль|Київ-Пас.|@20261009-0321,89/90|Перемишль|Київ-Пас.|,89/90,,Перемишль,Київ-Пас.,both,2026-10-09 03:21:34,2026-10-09 09:27:04,2,172,172,100,В дорозі,Висока,,6,6,1,1,2026-10-09 16:34:12,172,169,169,absent_39.1h_over_7_runs,1
91/92|Львів|Київ-Пас.|@20261009-0321,91/92|Львів|Київ-Пас.|,91/92,,Львів,Київ-Пас.,both,2026-10-09 03:21:34,2026-10-09 03:21:34,1,90,90,90,В дорозі,Висока,,4,3,0,1,2026-10-09 09:27:04,90,,91,first_seen,0
59/60|Чоп|Київ-Пас.|@20261009-0321,59/60|Чоп|Київ-Пас.|,59/60,,Чоп,Київ-Пас.,both,2026-10-09 03:21:34,2026-10-09 09:27:04,2,147,147,80,В дорозі,Висока,,21,20,0,1,2026-10-09 16:34:12,147,,131,absent_39.1h_over_7_runs,1
3/4|Ужгород|Дніпро-Головний|@20261009-0321,3/4|Ужгород|Дніпро-Головний|,3/4,,Ужгород,Дніпро-Головний,both,2026-10-09 03:21:34,2026-10-09 16:34:12,3,292,292,80,В дорозі,Висока,,19,17,0,1,2026-10-10 02:03:15,292,,212,absent_9.6h_over_2_runs,1
31/32|Перемишль|Запоріжжя-1|@20261009-0321,31/32|Перемишль|Запоріжжя-1|,31/32,,Перемишль,Запоріжжя-1,transit,2026-10-09 03:21:34,2026-10-09 16:34:12,3,292,292,80,В дорозі,Висока,,16,12,0,1,2026-10-10 02:03:15,292,,212,absent_9.6h_over_2_runs,1
57/58|Ясіня|Київ-Пас.|@20261009-0321,57/58|Ясіня|Київ-Пас.|,57/58,,Ясіня,Київ-Пас.,both,2026-10-09 03:21:34,2026-10-09 09:27:04,2,147,147,80,В дорозі,Висока,,20,19,0,1,2026-10-09 16:34:12,147,,131,absent_39.1h_over_7_runs,1
119/120|Дніпро-Головний|Хелм|@20261009-0321,119/120|Дніпро-Головний|Хелм|,119/120,,Дніпро-Головний,Хелм,both,2026-10-09 03:21:34,2026-10-09 03:21:34,1,70,70,70,В дорозі,Висока,,12,7,0,1,2026-10-09 09:27:04,70,,113,absent_4.2h_over_1_runs,0
791/792|Кременчук-Пас.|Київ-Пас.|@20261009-0321,791/792|Кременчук-Пас.|Київ-Пас.|,791/792,,Кременчук-Пас.,Київ-Пас.,both,2026-10-09 03:21:34,2026-10-09 03:21:34,1,70,70,70,В дорозі,Висока,,8,5,0,1,2026-10-09 09:27:04,70,,74,absent_39.1h_over_7_runs,0
75/76|Київ-Пас.|Кривий Ріг-Головний|@20261009-0321,75/76|Київ-Пас.|Кривий Ріг-Головний|,75/76,,Київ-Пас.,Кривий Ріг-Головний,both,2026-10-09 03:21:34,2026-10-09 03:21:34,1,70,70,70,В дорозі,Висока,,8,5,0,1,2026-10-09 09:27:04,70,,77,absent_17.0h_over_3_runs,0
11/12|Одеса-Головна|Львів|@20261009-0321,11/12|Одеса-Головна|Львів|,11/12,,Одеса-Головна,Львів,both,2026-10-09 03:21:34,2026-10-09 09:27:04,2,90,90,60,В дорозі,Висока,,12,12,1,1,2026-10-09 16:34:12,90,96,96,absent_17.0h_over_3_runs,1
35/36|Одеса-Головна|Перемишль|@20261009-0321,35/36|Одеса-Головна|Перемишль|,35/36,,Одеса-Головна,Перемишль,both,2026-10-09 03:21:34,2026-10-09 09:27:04,2,90,90,60,В дорозі,Висока,,13,12,0,1,2026-10-09 16:34:12,90,,96,absent_9.6h_over_2_runs,1
79/80|Дніпро-Головний|Львів|@20261009-0321,79/80|Дніпро-Головний|Львів|,79/80,,Дніпро-Головний,Львів,both,2026-10-09 03:21:34,2026-10-09 03:21:34,1,60,60,60,В дорозі,Висока,,13,7,0,1,2026-10-09 09:27:04,60,,113,absent_31.9h_over_6_runs,0
51/52|Київ-Пас.|Перемишль|@20261009-0321,51/52|Київ-Пас.|Перемишль|,51/52,,Київ-Пас.,Перемишль,both,2026-10-09 03:21:34,2026-10-09 03:21:34,1,60,60,60,В дорозі,Висока,,4,3,0,1,2026-10-09 09:27:04,60,,63,absent_17.0h_over_3_runs,0
53/54|Одеса-Головна|Дніпро-Головний|@20261009-0321,53/54|Одеса-Головна|Дніпро-Головний|,53/54,,Одеса-Головна,Дніпро-Головний,both,2026-10-09 03:21:34,2026-10-09 03:21:34,1,55,55,55,В дорозі,Висока,,13,6,0,1,2026-10-09 09:27:04,55,,59,absent_31.9h_over_6_runs,0
55/56|Рахів|Київ-Пас.|@20261009-0321,55/56|Рахів|Київ-Пас.|,55/56,,Рахів,Київ-Пас.,both,2026-10-09 03:21:34,2026-10-09 09:27:04,2,171,171,50,В дорозі,Висока,,21,19,0,1,2026-10-09 16:34:12,171,,176,absent_39.1h_over_7_runs,1
137/138|Ясіня|Київ-Пас.|@20261009-0321,137/138|Ясіня|Київ-Пас.|,137/138,,Ясіня,Київ-Пас.,both,2026-10-09 03:21:34,2026-10-09 09:27:04,2,171,171,50,В дорозі,Висока,,17,15,0,1,2026-10-09 16:34:12,171,,176,absent_39.1h_over_7_runs,1
141/142|Ясіня|Чернігів|@20261009-0321,141/142|Ясіня|Чернігів|,141/142,,Ясіня,Чернігів,transit,2026-10-09 03:21:34,2026-10-09 09:27:04,2,171,171,50,В дорозі,Висока,,21,15,0,1,2026-10-09 16:34:12,171,,176,absent_31.9h_over_6_runs,1
7/8|Київ-Пас.|Чернівці|@20261009-0321,7/8|Київ-Пас.|Чернівці|,7/8,,Київ-Пас.,Чернівці,both,2026-10-09 03:21:34,2026-10-09 09:27:04,2,70,70,50,В дорозі,Висока,,5,5,1,1,2026-10-09 16:34:12,70,72,87,absent_17.0h_over_3_runs,1
37/38|Київ-Пас.|Запоріжжя-1|@20261009-0321,37/38|Київ-Пас.|Запоріжжя-1|,37/38,,Київ-Пас.,Запоріжжя-1,endpoint,2026-10-09 03:21:34,2026-10-09 09:27:04,2,70,70,50,В дорозі,Висока,,0,0,0,1,2026-10-09 16:34:12,70,,61,absent_17.0h_over_3_runs,1
25/26|Одеса-Головна|Ясіня|@20261009-0321,25/26|Одеса-Головна|Ясіня|,25/26,,Одеса-Головна,Ясіня,both,2026-10-09 03:21:34,2026-10-09 03:21:34,1,40,40,40,В дорозі,Висока,,29,15,0,1,2026-10-09 09:27:04,40,,48,absent_31.9h_over_6_runs,0
135/136|Одеса-Головна|Чернівці|@20261009-0321,135/136|Одеса-Головна|Чернівці|,135/136,,Одеса-Головна,Чернівці,both,2026-10-09 03:21:34,2026-10-09 03:21:34,1,40,40,40,В дорозі,Висока,,26,15,0,1,2026-10-09 09:27:04,40,,48,absent_31.9h_over_6_runs,0
237/238|Ужгород|Київ-Пас.|@20261009-0321,237/238|Ужгород|Київ-Пас.|,237/238,,Ужгород,Київ-Пас.,both,2026-10-09 03:21:34,2026-10-09 09:27:04,2,138,138,40,В дорозі,Висока,,21,18,0,1,2026-10-09 16:34:12,138,,139,first_seen,1
7/8|Харків-Пас.|Одеса-Головна|@20261009-0321,7/8|Харків-Пас.|Одеса-Головна|,7/8,,Харків-Пас.,Одеса-Головна,both,2026-10-09 03:21:34,2026-10-09 03:21:34,1,40,40,40,В дорозі,Висока,,8,6,0,1,2026-10-09 09:27:04,40,,41,first_seen,0
29/30|Ужгород|Київ-Пас.|@20261009-0321,29/30|Ужгород|Київ-Пас.|,29/30,,Ужгород,Київ-Пас.,both,2026-10-09 03:21:34,2026-10-09 03:21:34,1,40,40,40,В дорозі,Висока,,8,7,0,1,2026-10-09 09:27:04,40,,40,first_seen,0
95/96|Київ-Пас.|Рахів|@20261009-0321,95/96|Київ-Пас.|Рахів|,95/96,,Київ-Пас.,Рахів,both,2026-10-09 03:21:34,2026-10-09 09:27:04,2,60,60,40,В дорозі,Висока,,9,6,0,1,2026-10-09 16:34:12,60,,65,absent_9.6h_over_2_runs,1
207/208|Одеса-Головна|Харків-Пас.|@20261009-0321,207/208|Одеса-Головна|Харків-Пас.|,207/208,,Одеса-Головна,Харків-Пас.,both,2026-10-09 03:21:34,2026-10-09 09:27:04,2,53,53,30,В дорозі,Висока,,10,9,0,1,2026-10-09 16:34:12,53,,64,absent_31.9h_over_6_runs,1
127/128|Львів|Дніпро-Головний|@20261009-0321,127/128|Львів|Дніпро-Головний|,127/128,,Львів,Дніпро-Головний,both,2026-10-09 03:21:34,2026-10-09 03:21:34,1,30,30,30,В дорозі,Висока,,28,17,0,1,2026-10-09 09:27:04,30,,39,absent_31.9h_over_6_runs,0
79/80|Львів|Дніпро-Головний|@20261009-0927,79/80|Львів|Дніпро-Головний|,79/80,,Львів,Дніпро-Головний,both,2026-10-09 09:27:04,2026-10-09 09:27:04,1,232,232,232,В дорозі,Висока,,13,11,0,1,2026-10-09 16:34:12,232,,283,absent_23.1h_over_4_runs,0
23/24|Хелм|Київ-Пас.|@20261009-0927,23/24|Хелм|Київ-Пас.|,23/24,,Хелм,Київ-Пас.,both,2026-10-09 09:27:04,2026-10-09 09:27:04,1,187,187,187,В дорозі,Висока,,5,4,0,1,2026-10-09 16:34:12,187,,180,absent_23.1h_over_4_runs,0
67/68|Варшава Заходня|Київ-Пас.|@20261009-0927,67/68|Варшава Заходня|Київ-Пас.|,67/68,,Варшава Заходня,Київ-Пас.,both,2026-10-09 09:27:04,2026-10-09 09:27:04,1,180,180,180,В дорозі,Висока,,5,4,0,1,2026-10-09 16:34:12,180,,173,absent_15.7h_over_3_runs,0
1/2|Харків-Пас.|Рахів|@20261009-0927,1/2|Харків-Пас.|Рахів|,1/2,,Харків-Пас.,Рахів,both,2026-10-09 09:27:04,2026-10-09 09:27:04,1,122,122,122,В дорозі,Висока,,12,6,0,1,2026-10-09 22:00:14,122,,133,absent_15.7h_over_3_runs,0
7/8|Чернівці|Київ-Пас.|@20261009-0927,7/8|Чернівці|Київ-Пас.|,7/8,,Чернівці,Київ-Пас.,both,2026-10-09 09:27:04,2026-10-09 09:27:04,1,122,122,122,В дорозі,Висока,,7,7,1,1,2026-10-09 16:34:12,122,122,136,absent_45.2h_over_8_runs,0
51/52|Перемишль|Київ-Пас.|@20261009-0927,51/52|Перемишль|Київ-Пас.|,51/52,,Перемишль,Київ-Пас.,both,2026-10-09 09:27:04,2026-10-09 09:27:04,1,102,102,102,В дорозі,Висока,,4,3,0,1,2026-10-09 16:34:12,102,,85,first_seen,0
143/144|Рахів|Конотоп-Пас.|@20261009-0927,143/144|Рахів|Конотоп-Пас.|,143/144,,Рахів,Конотоп-Пас.,transit,2026-10-09 09:27:04,2026-10-09 09:27:04,1,96,96,96,В дорозі,Висока,,25,23,0,1,2026-10-09 16:34:12,96,,92,absent_45.2h_over_8_runs,0
23/24|Київ-Пас.|Хелм|@20261009-0927,23/24|Київ-Пас.|Хелм|,23/24,,Київ-Пас.,Хелм,both,2026-10-09 09:27:04,2026-10-09 09:27:04,1,90,90,90,В дорозі,Висока,,7,6,0,1,2026-10-09 16:34:12,90,,86,absent_15.7h_over_3_runs,0
21/22|Харків-Пас.|Львів|@20261009-0927,21/22|Харків-Пас.|Львів|,21/22,,Харків-Пас.,Львів,both,2026-10-09 09:27:04,2026-10-09 09:27:04,1,66,66,66,В дорозі,Висока,,15,10,0,1,2026-10-09 16:34:12,66,,37,absent_38.0h_over_7_runs,0
95/96|Рахів|Київ-Пас.|@20261009-0927,95/96|Рахів|Київ-Пас.|,95/96,,Рахів,Київ-Пас.,both,2026-10-09 09:27:04,2026-10-09 09:27:04,1,57,57,57,В дорозі,Висока,,11,10,0,1,2026-10-09 16:34:12,57,,42,absent_15.7h_over_3_runs,0
129/130|Полтава-Півд.|Мукачево|@20261009-0927,129/130|Полтава-Півд.|Мукачево|,129/130,,Полтава-Півд.,Мукачево,both,2026-10-09 09:27:04,2026-10-09 09:27:04,1,56,56,56,В дорозі,Висока,,20,15,0,1,2026-10-09 16:34:12,56,,61,absent_38.0h_over_7_runs,0
131/132|Кременчук-Пас.|Мукачево|@20261009-0927,131/132|Кременчук-Пас.|Мукачево|,131/132,,Кременчук-Пас.,Мукачево,transit,2026-10-09 09:27:04,2026-10-09 09:27:04,1,56,56,56,В дорозі,Висока,,21,16,0,1,2026-10-09 16:34:12,56,,61,absent_38.0h_over_7_runs,0
69/70|Кременчук-Пас.|Перемишль|@20261009-0927,69/70|Кременчук-Пас.|Перемишль|,69/70,,Кременчук-Пас.,Перемишль,transit,2026-10-09 09:27:04,2026-10-09 09:27:04,1,56,56,56,В дорозі,Висока,,17,16,0,1,2026-10-09 16:34:12,56,,61,absent_38.0h_over_7_runs,0
13/14|Солотвино-1|Київ-Пас.|@20261009-0927,13/14|Солотвино-1|Київ-Пас.|,13/14,,Солотвино-1,Київ-Пас.,endpoint,2026-10-09 09:27:04,2026-10-09 09:27:04,1,50,50,50,В дорозі,Висока,,0,0,0,1,2026-10-09 16:34:12,50,,,first_seen,0
749/750|Ужгород|Київ-Пас.|@20261009-0927,749/750|Ужгород|Київ-Пас.|,749/750,,Ужгород,Київ-Пас.,both,2026-10-09 09:27:04,2026-10-09 16:34:12,2,70,70,50,В дорозі,Висока,,7,6,0,1,2026-10-09 22:00:14,70,,58,absent_10.3h_over_2_runs,1
147/148|Одеса-Головна|Київ-Пас.|@20261009-0927,147/148|Одеса-Головна|Київ-Пас.|,147/148,,Одеса-Головна,Київ-Пас.,both,2026-10-09 09:27:04,2026-10-09 09:27:04,1,33,33,33,В дорозі,Висока,,17,16,0,1,2026-10-09 16:34:12,33,,48,first_seen,0
93/94|Харків-Пас.|Хелм|@20261009-0927,93/94|Харків-Пас.|Хелм|,93/94,,Харків-Пас.,Хелм,both,2026-10-09 09:27:04,2026-10-09 09:27:04,1,30,30,30,В дорозі,Висока,,11,10,0,1,2026-10-09 16:34:12,30,,36,absent_15.7h_over_3_runs,0
43/44|Івано-Франківськ|Дніпро-Головний|@20261009-0927,43/44|Івано-Франківськ|Дніпро-Головний|,43/44,,Івано-Франківськ,Дніпро-Головний,endpoint,2026-10-09 09:27:04,2026-10-09 09:27:04,1,,,,В дорозі,Висока,,0,0,0,1,2026-10-09 16:34:12,,,,first_seen,0
3/4|Дніпро-Головний|Ужгород|09.10@20261009-1634,3/4|Дніпро-Головний|Ужгород|09.10,3/4,09.10,Дніпро-Головний,Ужгород,both,2026-10-09 16:34:12,2026-10-10 11:45:27,5,356,430,180,В дорозі,Висока,,17,10,0,0,,,,482,first_seen,1
5/6|Запоріжжя-1|Ясіня|09.10@20261009-1634,5/6|Запоріжжя-1|Ясіня|09.10,5/6,09.10,Запоріжжя-1,Ясіня,transit,2026-10-09 16:34:12,2026-10-10 11:45:27,5,186,186,90,В дорозі,Висока,,17,12,0,0,,,,232,first_seen,1
31/32|Запоріжжя-1|Перемишль|09.10@20261009-1634,31/32|Запоріжжя-1|Перемишль|09.10,31/32,09.10,Запоріжжя-1,Перемишль,transit,2026-10-09 16:34:12,2026-10-09 22:00:14,2,239,239,90,В дорозі,Висока,,13,7,0,1,2026-10-10 02:03:15,239,,240,first_seen,1
61/62|Дніпро-Головний|Івано-Франківськ|09.10@20261009-1634,61/62|Дніпро-Головний|Івано-Франківськ|09.10,61/62,09.10,Дніпро-Головний,Івано-Франківськ,both,2026-10-09 16:34:12,2026-10-10 11:45:27,5,400,400,90,В дорозі,Висока,,14,12,0,0,,,,400,first_seen,1
261/262|Дніпро-Головний|Чернівці|09.10@20261009-1634,261/262|Дніпро-Головний|Чернівці|09.10,261/262,09.10,Дніпро-Головний,Чернівці,both,2026-10-09 16:34:12,2026-10-10 11:45:27,5,400,400,90,В дорозі,Висока,,17,12,0,0,,,,400,first_seen,1
771/772|Хмельницький|Київ-Пас.|@20261009-1634,771/772|Хмельницький|Київ-Пас.|,771/772,,Хмельницький,Київ-Пас.,both,2026-10-09 16:34:12,2026-10-09 16:34:12,1,84,84,84,В дорозі,Висока,,10,7,0,1,2026-10-09 22:00:14,84,,12,absent_17.4h_over_3_runs,0
41/42|Дніпро-Головний|Трускавець|@20261009-1634,41/42|Дніпро-Головний|Трускавець|,41/42,,Дніпро-Головний,Трускавець,endpoint,2026-10-09 16:34:12,2026-10-10 17:45:44,6,180,180,62,Готується,Середня,,0,0,0,0,,,,148,delay_drop_224,1
85/86|Дніпро-Головний|Львів|@20261009-1634,85/86|Дніпро-Головний|Львів|,85/86,,Дніпро-Головний,Львів,both,2026-10-09 16:34:12,2026-10-10 05:19:04,4,83,88,62,В дорозі,Висока,,27,17,0,1,2026-10-10 17:45:44,83,,145,delay_drop_224,1
749/750|Київ-Пас.|Ужгород|@20261009-1634,749/750|Київ-Пас.|Ужгород|,749/750,,Київ-Пас.,Ужгород,both,2026-10-09 16:34:12,2026-10-09 22:00:14,2,83,83,54,В дорозі,Висока,,7,3,0,1,2026-10-10 02:03:15,83,,87,absent_13.2h_over_2_runs,1
9/10|Київ-Пас.|Будапешт-Келеті|@20261009-1634,9/10|Київ-Пас.|Будапешт-Келеті|,9/10,,Київ-Пас.,Будапешт-Келеті,endpoint,2026-10-09 16:34:12,2026-10-10 05:19:04,4,75,87,44,В дорозі,Висока,,0,0,0,1,2026-10-10 11:45:27,75,,90,absent_13.2h_over_2_runs,1
37/38|Запоріжжя-1|Київ-Пас.|09.10@20261009-2200,37/38|Запоріжжя-1|Київ-Пас.|09.10,37/38,09.10,Запоріжжя-1,Київ-Пас.,both,2026-10-09 22:00:14,2026-10-10 05:19:04,3,244,320,240,В дорозі,Висока,,8,6,0,1,2026-10-10 11:45:27,244,,321,first_seen,1
1/2|Харків-Пас.|Рахів|@20261009-2200,1/2|Харків-Пас.|Рахів|,1/2,,Харків-Пас.,Рахів,both,2026-10-09 22:00:14,2026-10-10 11:45:27,4,322,322,201,В дорозі,Висока,,13,6,0,1,2026-10-10 17:45:44,322,,323,absent_5.4h_over_1_runs,1
119/120|Хелм|Дніпро-Головний|@20261009-2200,119/120|Хелм|Дніпро-Головний|,119/120,,Хелм,Дніпро-Головний,both,2026-10-09 22:00:14,2026-10-10 11:45:27,4,330,330,192,В дорозі,Висока,,16,13,0,0,,,,300,absent_5.4h_over_1_runs,1
55/56|Київ-Пас.|Рахів|09.10@20261009-2200,55/56|Київ-Пас.|Рахів|09.10,55/56,09.10,Київ-Пас.,Рахів,both,2026-10-09 22:00:14,2026-10-10 11:45:27,4,232,232,171,В дорозі,Висока,,20,20,1,0,,,228,240,first_seen,1
137/138|Київ-Пас.|Ясіня|09.10@20261009-2200,137/138|Київ-Пас.|Ясіня|09.10,137/138,09.10,Київ-Пас.,Ясіня,endpoint,2026-10-09 22:00:14,2026-10-10 11:45:27,4,229,229,171,В дорозі,Висока,,0,0,0,0,,,,200,first_seen,1
141/142|Чернігів|Ясіня|09.10@20261009-2200,141/142|Чернігів|Ясіня|09.10,141/142,09.10,Чернігів,Ясіня,,2026-10-09 22:00:14,2026-10-10 11:45:27,4,232,232,162,В дорозі,Середня,,0,0,0,0,,,,,first_seen,1
121/122|Миколаїв Пас.|Київ-Пас.|@20261009-2200,121/122|Миколаїв Пас.|Київ-Пас.|,121/122,,Миколаїв Пас.,Київ-Пас.,both,2026-10-09 22:00:14,2026-10-10 02:03:15,2,84,158,84,В дорозі,Висока,,20,12,0,1,2026-10-10 05:19:04,84,,159,absent_5.4h_over_1_runs,1
127/128|Дніпро-Головний|Львів|09.10@20261009-2200,127/128|Дніпро-Головний|Львів|09.10,127/128,09.10,Дніпро-Головний,Львів,both,2026-10-09 22:00:14,2026-10-10 11:45:27,4,146,148,124,В дорозі,Висока,,28,23,0,0,,,,161,first_seen,1
731/732|Дніпро-Головний|Київ-Пас.|@20261009-2200,731/732|Дніпро-Головний|Київ-Пас.|,731/732,,Дніпро-Головний,Київ-Пас.,both,2026-10-09 22:00:14,2026-10-09 22:00:14,1,101,101,101,В дорозі,Висока,,7,6,0,1,2026-10-10 02:03:15,101,,102,absent_18.6h_over_3_runs,0
85/86|Львів|Дніпро-Головний|@20261009-2200,85/86|Львів|Дніпро-Головний|,85/86,,Львів,Дніпро-Головний,endpoint,2026-10-09 22:00:14,2026-10-10 17:45:44,5,420,420,71,В дорозі,Середня,,0,0,0,0,,,,120,absent_28.2h_over_5_runs,1
41/42|Трускавець|Дніпро-Головний|@20261009-2200,41/42|Трускавець|Дніпро-Головний|,41/42,,Трускавець,Дніпро-Головний,endpoint,2026-10-09 22:00:14,2026-10-10 17:45:44,5,420,420,71,В дорозі,Середня,,0,0,0,0,,,,120,absent_28.2h_over_5_runs,1
103/104|Берестин|Львів|@20261009-2200,103/104|Берестин|Львів|,103/104,,Берестин,Львів,both,2026-10-09 22:00:14,2026-10-10 05:19:04,3,48,65,48,В дорозі,Висока,,18,13,0,1,2026-10-10 11:45:27,48,,119,absent_41.8h_over_7_runs,1
63/64|Перемишль|Харків-Пас.|@20261009-2200,63/64|Перемишль|Харків-Пас.|,63/64,,Перемишль,Харків-Пас.,both,2026-10-09 22:00:14,2026-10-10 02:03:15,2,67,67,46,В дорозі,Висока,,12,7,0,1,2026-10-10 05:19:04,67,,83,absent_18.6h_over_3_runs,1
31/32|Запоріжжя-1|Перемишль|09.10@20261010-0203,31/32|Запоріжжя-1|Перемишль|09.10,31/32,09.10,Запоріжжя-1,Перемишль,transit,2026-10-10 02:03:15,2026-10-10 11:45:27,3,213,213,131,В дорозі,Висока,,13,12,0,0,,,,240,delay_drop_108,1
23/24|Хелм|Київ-Пас.|@20261010-0203,23/24|Хелм|Київ-Пас.|,23/24,,Хелм,Київ-Пас.,both,2026-10-10 02:03:15,2026-10-10 05:19:04,2,128,128,105,В дорозі,Висока,,5,3,0,1,2026-10-10 11:45:27,128,,106,absent_9.5h_over_2_runs,0
79/80|Львів|Дніпро-Головний|@20261010-0203,79/80|Львів|Дніпро-Головний|,79/80,,Львів,Дніпро-Головний,both,2026-10-10 02:03:15,2026-10-10 11:45:27,3,276,276,64,В дорозі,Висока,,12,11,0,0,,,,105,absent_9.5h_over_2_runs,1
1/2|Рахів|Харків-Пас.|@20261010-0203,1/2|Рахів|Харків-Пас.|,1/2,,Рахів,Харків-Пас.,both,2026-10-10 02:03:15,2026-10-10 11:45:27,3,120,120,81,В дорозі,Висока,,12,11,0,0,,,,141,absent_9.5h_over_2_runs,1
21/22|Львів|Харків-Пас.|@20261010-0203,21/22|Львів|Харків-Пас.|,21/22,,Львів,Харків-Пас.,both,2026-10-10 02:03:15,2026-10-10 05:19:04,2,108,108,73,В дорозі,Висока,,14,8,0,1,2026-10-10 11:45:27,108,,96,absent_54.6h_over_10_runs,0
53/54|Дніпро-Головний|Одеса-Головна|@20261010-0203,53/54|Дніпро-Головний|Одеса-Головна|,53/54,,Дніпро-Головний,Одеса-Головна,both,2026-10-10 02:03:15,2026-10-10 11:45:27,3,43,75,43,В дорозі,Висока,,12,12,1,0,,,49,107,absent_16.6h_over_3_runs,1
113/114|Ужгород|Харків-Пас.|@20261010-0203,113/114|Ужгород|Харків-Пас.|,113/114,,Ужгород,Харків-Пас.,both,2026-10-10 02:03:15,2026-10-10 05:19:04,2,50,69,50,В дорозі,Висока,,42,40,0,1,2026-10-10 11:45:27,50,,78,absent_39.7h_over_7_runs,0
29/30|Київ-Пас.|Ужгород|@20261010-0203,29/30|Київ-Пас.|Ужгород|,29/30,,Київ-Пас.,Ужгород,both,2026-10-10 02:03:15,2026-10-10 05:19:04,2,117,117,65,В дорозі,Висока,,9,4,0,1,2026-10-10 11:45:27,117,,121,absent_39.7h_over_7_runs,0
27/28|Київ-Пас.|Чоп|@20261010-0203,27/28|Київ-Пас.|Чоп|,27/28,,Київ-Пас.,Чоп,both,2026-10-10 02:03:15,2026-10-10 05:19:04,2,121,121,65,В дорозі,Висока,,6,4,0,1,2026-10-10 11:45:27,121,,121,absent_39.7h_over_7_runs,0
51/52|Київ-Пас.|Перемишль|@20261010-0203,51/52|Київ-Пас.|Перемишль|,51/52,,Київ-Пас.,Перемишль,both,2026-10-10 02:03:15,2026-10-10 05:19:04,2,127,127,62,В дорозі,Висока,,4,3,0,1,2026-10-10 11:45:27,127,,127,absent_16.6h_over_3_runs,0
233/234|Чернівці|Кривий Ріг-Головний|@20261010-0203,233/234|Чернівці|Кривий Ріг-Головний|,233/234,,Чернівці,Кривий Ріг-Головний,transit,2026-10-10 02:03:15,2026-10-10 11:45:27,3,74,90,59,В дорозі,Висока,,11,10,0,0,,,,87,absent_32.3h_over_6_runs,1
293/294|Ворохта|Кривий Ріг-Головний|@20261010-0203,293/294|Ворохта|Кривий Ріг-Головний|,293/294,,Ворохта,Кривий Ріг-Головний,transit,2026-10-10 02:03:15,2026-10-10 11:45:27,3,74,90,59,В дорозі,Висока,,12,11,0,0,,,,87,absent_32.3h_over_6_runs,1
81/82|Київ-Пас.|Ужгород|@20261010-0203,81/82|Київ-Пас.|Ужгород|,81/82,,Київ-Пас.,Ужгород,both,2026-10-10 02:03:15,2026-10-10 11:45:27,3,137,137,56,В дорозі,Висока,,15,9,0,0,,,,138,absent_32.3h_over_6_runs,1
93/94|Хелм|Харків-Пас.|@20261010-0203,93/94|Хелм|Харків-Пас.|,93/94,,Хелм,Харків-Пас.,both,2026-10-10 02:03:15,2026-10-10 11:45:27,3,76,76,54,В дорозі,Висока,,10,9,0,0,,,,117,absent_9.5h_over_2_runs,1
49/50|Трускавець|Київ-Пас.|@20261010-0203,49/50|Трускавець|Київ-Пас.|,49/50,,Трускавець,Київ-Пас.,both,2026-10-10 02:03:15,2026-10-10 05:19:04,2,68,68,52,В дорозі,Висока,,5,4,0,1,2026-10-10 11:45:27,68,,23,first_seen,0
7/8|Київ-Пас.|Чернівці|@20261010-0203,7/8|Київ-Пас.|Чернівці|,7/8,,Київ-Пас.,Чернівці,both,2026-10-10 02:03:15,2026-10-10 05:19:04,2,110,110,52,В дорозі,Висока,,6,3,0,1,2026-10-10 11:45:27,110,,110,absent_9.5h_over_2_runs,0
81/82|Ужгород|Київ-Пас.|@20261010-0203,81/82|Ужгород|Київ-Пас.|,81/82,,Ужгород,Київ-Пас.,both,2026-10-10 02:03:15,2026-10-10 05:19:04,2,81,81,50,В дорозі,Висока,,14,12,0,1,2026-10-10 11:45:27,81,,81,absent_9.5h_over_2_runs,0
31/32|Перемишль|Запоріжжя-1|@20261010-0203,31/32|Перемишль|Запоріжжя-1|,31/32,,Перемишль,Запоріжжя-1,transit,2026-10-10 02:03:15,2026-10-10 17:45:44,4,360,360,50,В дорозі,Висока,,17,14,0,0,,,,360,absent_4.1h_over_1_runs,1
3/4|Ужгород|Дніпро-Головний|@20261010-0203,3/4|Ужгород|Дніпро-Головний|,3/4,,Ужгород,Дніпро-Головний,endpoint,2026-10-10 02:03:15,2026-10-10 17:45:44,4,360,360,50,В дорозі,Висока,,0,0,0,0,,,,110,absent_4.1h_over_1_runs,1
67/68|Варшава Заходня|Київ-Пас.|@20261010-0203,67/68|Варшава Заходня|Київ-Пас.|,67/68,,Варшава Заходня,Київ-Пас.,both,2026-10-10 02:03:15,2026-10-10 11:45:27,3,213,213,48,В дорозі,Висока,,5,4,0,0,,,,174,absent_9.5h_over_2_runs,1
7/8|Чернівці|Київ-Пас.|@20261010-0519,7/8|Чернівці|Київ-Пас.|,7/8,,Чернівці,Київ-Пас.,both,2026-10-10 05:19:04,2026-10-10 05:19:04,1,130,130,130,В дорозі,Висока,,9,8,0,1,2026-10-10 11:45:27,130,,80,absent_12.7h_over_3_runs,0
91/92|Львів|Київ-Пас.|@20261010-0519,91/92|Львів|Київ-Пас.|,91/92,,Львів,Київ-Пас.,both,2026-10-10 05:19:04,2026-10-10 05:19:04,1,95,95,95,В дорозі,Висока,,7,6,0,1,2026-10-10 11:45:27,95,,72,absent_19.9h_over_4_runs,0
95/96|Київ-Пас.|Рахів|@20261010-0519,95/96|Київ-Пас.|Рахів|,95/96,,Київ-Пас.,Рахів,both,2026-10-10 05:19:04,2026-10-10 11:45:27,2,147,147,88,В дорозі,Висока,,12,10,0,0,,,,149,absent_12.7h_over_3_runs,1
49/50|Київ-Пас.|Трускавець|@20261010-0519,49/50|Київ-Пас.|Трускавець|,49/50,,Київ-Пас.,Трускавець,both,2026-10-10 05:19:04,2026-10-10 05:19:04,1,88,88,88,В дорозі,Висока,,5,3,0,1,2026-10-10 11:45:27,88,,88,absent_43.0h_over_8_runs,0
29/30|Ужгород|Київ-Пас.|@20261010-0519,29/30|Ужгород|Київ-Пас.|,29/30,,Ужгород,Київ-Пас.,both,2026-10-10 05:19:04,2026-10-10 05:19:04,1,79,79,79,В дорозі,Висока,,8,7,0,1,2026-10-10 11:45:27,79,,15,absent_19.9h_over_4_runs,0
11/12|Львів|Одеса-Головна|@20261010-0519,11/12|Львів|Одеса-Головна|,11/12,,Львів,Одеса-Головна,both,2026-10-10 05:19:04,2026-10-10 05:19:04,1,70,70,70,В дорозі,Висока,,14,9,0,1,2026-10-10 11:45:27,70,,70,absent_12.7h_over_3_runs,0
35/36|Перемишль|Одеса-Головна|@20261010-0519,35/36|Перемишль|Одеса-Головна|,35/36,,Перемишль,Одеса-Головна,both,2026-10-10 05:19:04,2026-10-10 05:19:04,1,70,70,70,В дорозі,Висока,,15,10,0,1,2026-10-10 11:45:27,70,,70,absent_12.7h_over_3_runs,0
25/26|Ясіня|Одеса-Головна|@20261010-0519,25/26|Ясіня|Одеса-Головна|,25/26,,Ясіня,Одеса-Головна,both,2026-10-10 05:19:04,2026-10-10 05:19:04,1,67,67,67,В дорозі,Висока,,29,21,0,1,2026-10-10 11:45:27,67,,67,first_seen,0
135/136|Чернівці|Одеса-Головна|@20261010-0519,135/136|Чернівці|Одеса-Головна|,135/136,,Чернівці,Одеса-Головна,both,2026-10-10 05:19:04,2026-10-10 05:19:04,1,67,67,67,В дорозі,Висока,,25,17,0,1,2026-10-10 11:45:27,67,,67,first_seen,0
67/68|Київ-Пас.|Варшава Заходня|@20261010-0519,67/68|Київ-Пас.|Варшава Заходня|,67/68,,Київ-Пас.,Варшава Заходня,both,2026-10-10 05:19:04,2026-10-10 11:45:27,2,185,185,64,В дорозі,Висока,,4,3,0,0,,,,41,absent_12.7h_over_3_runs,1
43/44|Черкаси|Івано-Франківськ|@20261010-0519,43/44|Черкаси|Івано-Франківськ|,43/44,,Черкаси,Івано-Франківськ,transit,2026-10-10 05:19:04,2026-10-10 05:19:04,1,61,61,61,В дорозі,Висока,,15,7,0,1,2026-10-10 11:45:27,61,,24,absent_12.7h_over_3_runs,0
121/122|Київ-Пас.|Миколаїв Пас.|@20261010-0519,121/122|Київ-Пас.|Миколаїв Пас.|,121/122,,Київ-Пас.,Миколаїв Пас.,both,2026-10-10 05:19:04,2026-10-10 05:19:04,1,60,60,60,В дорозі,Висока,,21,7,0,1,2026-10-10 11:45:27,60,,65,first_seen,0
39/40|Солотвино-1|Запоріжжя-1|@20261010-0519,39/40|Солотвино-1|Запоріжжя-1|,39/40,,Солотвино-1,Запоріжжя-1,transit,2026-10-10 05:19:04,2026-10-10 17:45:44,3,568,568,52,В дорозі,Висока,,40,37,0,0,,,,577,absent_35.6h_over_7_runs,1
5/6|Ясіня|Запоріжжя-1|@20261010-0519,5/6|Ясіня|Запоріжжя-1|,5/6,,Ясіня,Запоріжжя-1,transit,2026-10-10 05:19:04,2026-10-10 11:45:27,2,240,240,52,В дорозі,Висока,,21,20,0,0,,,,135,absent_12.7h_over_3_runs,1
17/18|Харків-Пас.|Ужгород|@20261010-0519,17/18|Харків-Пас.|Ужгород|,17/18,,Харків-Пас.,Ужгород,both,2026-10-10 05:19:04,2026-10-10 05:19:04,1,51,51,51,В дорозі,Висока,,11,6,0,1,2026-10-10 11:45:27,51,,54,absent_43.0h_over_8_runs,0
77/78|Ковель-Пас.|Одеса-Головна|@20261010-0519,77/78|Ковель-Пас.|Одеса-Головна|,77/78,,Ковель-Пас.,Одеса-Головна,endpoint,2026-10-10 05:19:04,2026-10-10 05:19:04,1,50,50,50,В дорозі,Висока,,0,0,0,1,2026-10-10 11:45:27,50,,,absent_43.0h_over_8_runs,0
89/90|Київ-Пас.|Перемишль|@20261010-0519,89/90|Київ-Пас.|Перемишль|,89/90,,Київ-Пас.,Перемишль,both,2026-10-10 05:19:04,2026-10-10 05:19:04,1,49,49,49,В дорозі,Висока,,9,5,0,1,2026-10-10 11:45:27,49,,58,first_seen,0
109/110|Львів|Миколаїв Пас.|@20261010-0519,109/110|Львів|Миколаїв Пас.|,109/110,,Львів,Миколаїв Пас.,both,2026-10-10 05:19:04,2026-10-10 05:19:04,1,38,38,38,В дорозі,Висока,,27,17,0,1,2026-10-10 11:45:27,38,,54,absent_35.6h_over_7_runs,0
53/54|Одеса-Головна|Дніпро-Головний|@20261010-1145,53/54|Одеса-Головна|Дніпро-Головний|,53/54,,Одеса-Головна,Дніпро-Головний,both,2026-10-10 11:45:27,2026-10-10 17:45:44,2,510,510,270,В дорозі,Висока,,16,14,0,0,,,,605,absent_26.3h_over_5_runs,1
69/70|Перемишль|Кременчук-Пас.|@20261010-1145,69/70|Перемишль|Кременчук-Пас.|,69/70,,Перемишль,Кременчук-Пас.,transit,2026-10-10 11:45:27,2026-10-10 11:45:27,1,160,160,160,В дорозі,Висока,,16,11,0,0,,,,160,absent_42.0h_over_8_runs,0
131/132|Мукачево|Кременчук-Пас.|@20261010-1145,131/132|Мукачево|Кременчук-Пас.|,131/132,,Мукачево,Кременчук-Пас.,transit,2026-10-10 11:45:27,2026-10-10 11:45:27,1,160,160,160,В дорозі,Висока,,20,15,0,0,,,,160,absent_42.0h_over_8_runs,0
129/130|Мукачево|Полтава-Півд.|@20261010-1145,129/130|Мукачево|Полтава-Півд.|,129/130,,Мукачево,Полтава-Півд.,both,2026-10-10 11:45:27,2026-10-10 11:45:27,1,160,160,160,В дорозі,Висока,,19,15,0,0,,,,160,absent_42.0h_over_8_runs,0
253/254|Одеса-Головна|Кривий Ріг-Головний|@20261010-1145,253/254|Одеса-Головна|Кривий Ріг-Головний|,253/254,,Одеса-Головна,Кривий Ріг-Головний,both,2026-10-10 11:45:27,2026-10-10 11:45:27,1,160,160,160,В дорозі,Висока,,10,8,0,0,,,,1,first_seen,0
107/108|Солотвино-1|Київ-Пас.|@20261010-1145,107/108|Солотвино-1|Київ-Пас.|,107/108,,Солотвино-1,Київ-Пас.,both,2026-10-10 11:45:27,2026-10-10 11:45:27,1,73,73,73,В дорозі,Висока,,26,25,0,0,,,,69,first_seen,0
95/96|Рахів|Київ-Пас.|@20261010-1145,95/96|Рахів|Київ-Пас.|,95/96,,Рахів,Київ-Пас.,endpoint,2026-10-10 11:45:27,2026-10-10 11:45:27,1,58,58,58,В дорозі,Висока,,0,0,0,0,,,,,absent_19.2h_over_4_runs,0
733/734|Дніпро-Головний|Київ-Пас.|@20261010-1145,733/734|Дніпро-Головний|Київ-Пас.|,733/734,,Дніпро-Головний,Київ-Пас.,both,2026-10-10 11:45:27,2026-10-10 17:45:44,2,484,484,58,В дорозі,Висока,,13,11,0,0,,,,482,first_seen,1
87/88|Дніпро-Головний|Ковель-Пас.|@20261010-1145,87/88|Дніпро-Головний|Ковель-Пас.|,87/88,,Дніпро-Головний,Ковель-Пас.,both,2026-10-10 11:45:27,2026-10-10 11:45:27,1,56,56,56,В дорозі,Висока,,29,27,0,0,,,,66,absent_49.4h_over_9_runs,0
763/764|Одеса-Головна|Київ-Пас.|@20261010-1145,763/764|Одеса-Головна|Київ-Пас.|,763/764,,Одеса-Головна,Київ-Пас.,both,2026-10-10 11:45:27,2026-10-10 11:45:27,1,40,40,40,В дорозі,Висока,,9,4,0,0,,,,44,first_seen,0
21/22|Харків-Пас.|Львів|@20261010-1145,21/22|Харків-Пас.|Львів|,21/22,,Харків-Пас.,Львів,both,2026-10-10 11:45:27,2026-10-10 11:45:27,1,31,31,31,В дорозі,Висока,,15,12,0,0,,,,44,absent_19.2h_over_4_runs,0
119/120|Хелм|Дніпро-Головний|09.10@20261010-1745,119/120|Хелм|Дніпро-Головний|09.10,119/120,09.10,Хелм,Дніпро-Головний,endpoint,2026-10-10 17:45:44,2026-10-10 17:45:44,1,623,623,623,В дорозі,Висока,,0,0,0,0,,,,,first_seen,0
5/6|Ясіня|Запоріжжя-1|09.10@20261010-1745,5/6|Ясіня|Запоріжжя-1|09.10,5/6,09.10,Ясіня,Запоріжжя-1,,2026-10-10 17:45:44,2026-10-10 17:45:44,1,568,568,568,В дорозі,Висока,,0,0,0,0,,,,,first_seen,0
731/732|Київ-Пас.|Дніпро-Головний|@20261010-1745,731/732|Київ-Пас.|Дніпро-Головний|,731/732,,Київ-Пас.,Дніпро-Головний,both,2026-10-10 17:45:44,2026-10-10 17:45:44,1,309,309,309,В дорозі,Висока,,10,10,1,0,,,315,315,absent_48.0h_over_9_runs,0
85/86|Дніпро-Головний|Львів|@20261010-1745,85/86|Дніпро-Головний|Львів|,85/86,,Дніпро-Головний,Львів,endpoint,2026-10-10 17:45:44,2026-10-10 17:45:44,1,180,180,180,Готується,Середня,,0,0,0,0,,,,,absent_6.0h_over_1_runs,0
5/6|Запоріжжя-1|Ясіня|@20261010-1745,5/6|Запоріжжя-1|Ясіня|,5/6,,Запоріжжя-1,Ясіня,transit,2026-10-10 17:45:44,2026-10-10 17:45:44,1,175,175,175,В дорозі,Висока,,16,4,0,0,,,,175,first_seen,0
31/32|Запоріжжя-1|Перемишль|@20261010-1745,31/32|Запоріжжя-1|Перемишль|,31/32,,Запоріжжя-1,Перемишль,transit,2026-10-10 17:45:44,2026-10-10 17:45:44,1,162,162,162,В дорозі,Висока,,12,4,0,0,,,,162,first_seen,0
109/110|Миколаїв Пас.|Львів|@20261010-1745,109/110|Миколаїв Пас.|Львів|,109/110,,Миколаїв Пас.,Львів,both,2026-10-10 17:45:44,2026-10-10 17:45:44,1,161,161,161,В дорозі,Висока,,24,1,0,0,,,,161,first_seen,0
39/40|Запоріжжя-1|Солотвино-1|@20261010-1745,39/40|Запоріжжя-1|Солотвино-1|,39/40,,Запоріжжя-1,Солотвино-1,,2026-10-10 17:45:44,2026-10-10 17:45:44,1,150,150,150,Готується,Середня,,0,0,0,0,,,,,first_seen,0
119/120|Хелм|Дніпро-Головний|10.10@20261010-1745,119/120|Хелм|Дніпро-Головний|10.10,119/120,10.10,Хелм,Дніпро-Головний,endpoint,2026-10-10 17:45:44,2026-10-10 17:45:44,1,127,127,127,В дорозі,Висока,,0,0,0,0,,,,,first_seen,0
233/234|Кривий Ріг-Головний|Чернівці|@20261010-1745,233/234|Кривий Ріг-Головний|Чернівці|,233/234,,Кривий Ріг-Головний,Чернівці,transit,2026-10-10 17:45:44,2026-10-10 17:45:44,1,84,84,84,В дорозі,Висока,,10,1,0,0,,,,84,absent_25.2h_over_5_runs,0
293/294|Кривий Ріг-Головний|Рахів|@20261010-1745,293/294|Кривий Ріг-Головний|Рахів|,293/294,,Кривий Ріг-Головний,Рахів,transit,2026-10-10 17:45:44,2026-10-10 17:45:44,1,84,84,84,В дорозі,Висока,,15,1,0,0,,,,84,first_seen,0
1/2|Харків-Пас.|Рахів|@20261010-1745,1/2|Харків-Пас.|Рахів|,1/2,,Харків-Пас.,Рахів,both,2026-10-10 17:45:44,2026-10-10 17:45:44,1,80,80,80,В дорозі,Висока,,11,1,0,0,,,,83,delay_drop_242,0
119/120|Дніпро-Головний|Хелм|@20261010-1745,119/120|Дніпро-Головний|Хелм|,119/120,,Дніпро-Головний,Хелм,both,2026-10-10 17:45:44,2026-10-10 17:45:44,1,71,71,71,В дорозі,Висока,,16,15,0,0,,,,84,absent_32.3h_over_6_runs,0
45/46|Ужгород|Харків-Пас.|@20261010-1745,45/46|Ужгород|Харків-Пас.|,45/46,,Ужгород,Харків-Пас.,both,2026-10-10 17:45:44,2026-10-10 17:45:44,1,69,69,69,В дорозі,Висока,,26,21,0,0,,,,95,first_seen,0
9/10|Будапешт-Келеті|Київ-Пас.|@20261010-1745,9/10|Будапешт-Келеті|Київ-Пас.|,9/10,,Будапешт-Келеті,Київ-Пас.,both,2026-10-10 17:45:44,2026-10-10 17:45:44,1,60,60,60,В дорозі,Висока,,6,5,0,0,,,,42,absent_42.6h_over_8_runs,0
23234|Кривий Ріг-Гол.|Чернівці|@20261010-1745,23234|Кривий Ріг-Гол.|Чернівці|,23234,,Кривий Ріг-Гол.,Чернівці,,2026-10-10 17:45:44,2026-10-10 17:45:44,1,60,60,60,Готується,Середня,,0,0,0,0,,,,,first_seen,0
121/122|Миколаїв Пас.|Київ-Пас.|@20261010-1745,121/122|Миколаїв Пас.|Київ-Пас.|,121/122,,Миколаїв Пас.,Київ-Пас.,endpoint,2026-10-10 17:45:44,2026-10-10 17:45:44,1,60,60,60,Готується,Середня,,0,0,0,0,,,,,absent_12.4h_over_2_runs,0
5/6|Ясіня|Запоріжжя-1|10.10@20261010-1745,5/6|Ясіня|Запоріжжя-1|10.10,5/6,10.10,Ясіня,Запоріжжя-1,,2026-10-10 17:45:44,2026-10-10 17:45:44,1,58,58,58,В дорозі,Висока,,0,0,0,0,,,,,first_seen,0
705/706|Перемишль|Київ-Пас.|@20261010-1745,705/706|Перемишль|Київ-Пас.|,705/706,,Перемишль,Київ-Пас.,both,2026-10-10 17:45:44,2026-10-10 17:45:44,1,54,54,54,В дорозі,Висока,,8,7,0,0,,,,47,absent_42.6h_over_8_runs,0
749/750|Ужгород|Київ-Пас.|@20261010-1745,749/750|Ужгород|Київ-Пас.|,749/750,,Ужгород,Київ-Пас.,both,2026-10-10 17:45:44,2026-10-10 17:45:44,1,50,50,50,В дорозі,Висока,,9,8,0,0,,,,21,absent_19.8h_over_4_runs,0
45/46|Харків-Пас.|Ужгород|@20261010-1745,45/46|Харків-Пас.|Ужгород|,45/46,,Харків-Пас.,Ужгород,both,2026-10-10 17:45:44,2026-10-10 17:45:44,1,41,41,41,В дорозі,Висока,,24,7,0,0,,,,58,absent_42.6h_over_8_runs,0
63/64|Перемишль|Харків-Пас.|@20261010-1745,63/64|Перемишль|Харків-Пас.|,63/64,,Перемишль,Харків-Пас.,both,2026-10-10 17:45:44,2026-10-10 17:45:44,1,35,35,35,В дорозі,Висока,,11,2,0,0,,,,35,absent_12.4h_over_2_runs,0
143/144|Рахів|Конотоп-Пас.|@20261010-1745,143/144|Рахів|Конотоп-Пас.|,143/144,,Рахів,Конотоп-Пас.,transit,2026-10-10 17:45:44,2026-10-10 17:45:44,1,25,25,25,В дорозі,Висока,,22,8,0,0,,,,33,absent_25.2h_over_5_runs,0
